007026
007070
008268
008307
409000
409010
409030
409040
409050
409080
409100
409110
409120
409130
409133
409150
409160
409180
409200
409210
409220
409230
409240
409250
409275
409280
409300
409310
409320
409330
409350
409370
409380
409389
409390
409400
409410
409420
409430
409440
409450
409460
409470
409480
409490
409500
409510
409511
409520
409530
409540
409570
409584
409600
409660
409670
409680
409700
409701
409705
409710
409720
409730
409740
409750
409760
409764
409770
409780
409790
409793
409800
409803
409810
409840
409845
409860
409880
409900
409903
409904
409950
409960
690056
690080
690160
690160
690336
690814
691000
691064
691166
691284
691624
691784
692054
692246
692284
692524
692556
692634
692814
692834
693144
694594
694615
694624
696494
696504
697094
697284
697304
697584
697594
697674
697724
698544
698654
698674
