855790
862280
870070
870160
870210
870220
870221
870320
870460
870470
870475
870520
870650
870780
870970
871160
871200
871210
871270
871290
871460
871480
871490
871550
871570
871620
871630
871660
871710
871730
871780
871870
871960
872000
872110
872130
872140
872170
872200
872220
872440
872570
872700
872730
872731
872733
872810
872814
872860
872890
873050
873110
873120
873200
873205
873220
873280
873290
873360
873440
873450
873470
873490
873590
873710
873740
873850
873870
873930
873950
874000
874020
874050
874120
874160
874180
874200
874270
874360
874440
874480
874500
874530
874670
874680
874700
874780
874800
874970
874980
875000
875020
875060
875090
875120
875320
875340
875440
875480
875500
875530
875630
875680
875690
875710
875720
875740
875760
875800
875820
875850
875890
875930
875960
875980
876160
876190
876230
876370
876390
876400
876410
876420
876430
876450
876460
876480
876490
876580
876630
876730
876790
876880
876920
876960
877150
877360
877430
877480
877500
877580
877590
877610
877630
877650
877680
877681
877740
877744
877750
877840
877895
877910
878000
878030
878034
878070
878074
878140
878230
878250
878280
878520
878523
878524
878525
878526
878527
878600
878690
878710
878800
878960
879030
879035
879040
879090
879120
879170
879174
879250
879260
879280
879290
879340
879360
879380
879460
879490
889670
889680
889700
889710
889740
