695023
749430
749432
749438
749439
749440
749441
749442
749443
749455
749459
749467
914240
921030
921200
933469
939950
939960
939980
941000
941010
941020
941030
941049
941050
941060
941080
941090
941100
941110
941160
941170
941180
941190
941200
941205
941210
941220
941230
941240
941250
941270
941280
941290
941300
941310
941320
941325
941330
941340
941350
941370
941380
941390
941400
941410
941420
941430
941440
941450
941460
941470
941480
941490
941500
941510
941520
941530
941700
941710
941713
941740
941750
941820
941830
941840
941850
941860
941870
941880
942000
942010
942020
942030
942040
942050
942060
942070
942080
942090
942100
942110
942120
942130
942140
942150
942160
942170
942180
942200
942250
942290
942300
942310
942320
942340
942360
942370
942380
942390
942420
942480
942550
942560
942570
942580
942590
942600
942610
942660
942670
942680
942690
942700
942740
942750
942760
942770
942830
942840
942850
942860
942870
942875
942880
942890
942900
942910
942920
942930
942940
942945
942950
942960
942970
942979
942980
942990
943000
943020
943025
943030
943040
943050
943060
943070
943080
943090
943100
943110
943120
943130
943140
943150
943160
943170
943180
943190
943200
943210
943220
943230
943240
943250
943260
943265
943270
943280
943290
943320
943330
943340
943350
943360
943370
943380
943390
943400
943410
943420
943430
943440
943450
943460
943500
943510
943549
943550
943560
943580
943590
943600
943620
943630
943640
943650
943660
943670
943680
943690
943700
943710
943720
943730
943740
943750
943760
943770
943780
943790
943800
943810
943840
943860
943870
943880
943900
943930
943940
943950
943960
943990
944010
944020
944030
944040
944050
944100
944110
944140
944150
944160
944170
944220
944230
944280
944290
944300
944310
944390
944400
944440
944450
944460
944470
944480
944490
944500
944510
944570
944580
944610
944620
944630
944640
944660
944740
944750
944760
944770
944800
944810
944820
944850
944880
944920
944940
944970
944980
945000
945100
945110
945130
945140
945150
945160
945170
945200
945210
945250
945270
945290
945300
945410
945420
945430
945440
945450
945470
945480
945490
945500
945510
945520
945530
945550
945560
945570
945580
945620
945640
945650
945660
945670
945680
945690
945700
945710
945720
945730
945740
945750
945760
945770
945780
945785
945790
945800
945810
945820
945830
945840
945850
945860
945870
945880
945890
945920
945930
945940
945950
945951
945952
945953
945954
945955
945956
945957
945958
945959
945960
945970
945980
945990
946000
946010
946020
946030
946040
946050
946060
946070
946080
946090
946100
946105
946110
946120
946130
946140
946150
946160
946170
946190
946200
946210
946220
946230
946240
946250
946260
946270
946280
946290
946300
946310
946320
946330
946340
946350
946360
946370
946380
946390
946400
946410
946420
946430
946440
946450
946460
946470
946490
946510
946530
946540
946550
946560
946570
946580
946590
946600
946610
946620
946630
946640
946650
946660
946670
946680
946690
946700
946710
946720
946723
946725
946730
946740
946750
946760
946770
946780
946790
946800
946810
946820
946830
946840
946850
946860
946870
946880
946890
946900
946910
946920
946930
946940
946950
946960
946970
946980
946990
947000
947010
947020
947030
947040
947050
947060
947070
947080
947090
947100
947110
947120
947130
947140
947150
947160
947170
947180
947190
947200
947210
947220
947230
947240
947250
947260
947270
947280
947290
947300
947310
947320
947330
947340
947350
947360
947380
947390
947400
947410
947420
947430
947440
947460
947470
947480
947490
947500
947520
947530
947540
947550
947560
947570
947580
947590
947600
947610
947620
947630
947640
947650
947660
947670
947675
947680
947700
947710
947720
947730
947740
947750
947760
947770
947780
947790
947800
947810
947820
947830
947840
947850
947860
947870
947880
947890
947900
947910
947920
948010
948020
948030
948040
948050
948060
948070
948080
948090
948100
948110
948120
948130
948140
948150
948160
948170
948180
948190
948200
948210
948220
948240
948250
948260
948270
948280
948290
948300
948310
948320
948330
948340
948350
948360
948370
948380
948390
948400
948410
948420
948430
948440
948450
948460
948470
948490
948500
948510
948520
948530
948540
948550
948560
948570
948590
948600
948610
948620
948630
948640
948650
948660
948665
948670
948680
948690
948700
948710
948720
948740
948750
948760
948770
948780
948790
948800
948810
948820
948830
948840
948860
948880
948890
948900
948910
948920
948930
948940
948950
948955
948960
948980
948990
949000
949010
949030
949040
949050
949060
949070
949080
949090
949100
949110
949120
949130
949140
949150
949160
949170
949180
949190
949210
949220
949230
949240
949250
949260
949270
949280
949290
949300
949310
949320
949330
949340
949350
949370
949380
949390
949400
949410
949420
949430
949490
949500
949510
949520
949530
949540
949550
949560
949570
949580
949590
949600
949610
949620
949630
949640
949650
949660
949670
949680
949690
949700
949710
949720
949730
949740
949750
949760
949770
949780
949790
949800
949810
949820
949830
949840
949850
949860
949870
949880
949950
949970
949980
949999
949999
949999
949999
949999
949999
949999
949999
949999
949999
949999
949999
949999
949999
949999
949999
949999
949999
949999
949999
949999
949999
949999
949999
949999
949999
949999
949999
949999
949999
949999
949999
949999
949999
949999
949999
949999
949999
949999
949999
949999
949999
949999
949999
949999
949999
949999
949999
949999
949999
949999
949999
949999
949999
949999
949999
949999
949999
949999
949999
949999
949999
949999
949999
949999
949999
949999
949999
949999
949999
949999
949999
949999
949999
949999
949999
949999
949999
949999
949999
949999
949999
949999
949999
949999
949999
949999
949999
949999
949999
949999
949999
949999
949999
949999
949999
949999
949999
949999
949999
949999
949999
949999
949999
949999
949999
949999
949999
949999
949999
949999
949999
949999
949999
949999
949999
949999
949999
949999
949999
949999
949999
949999
949999
949999
949999
949999
949999
949999
949999
949999
949999
949999
949999
949999
949999
949999
949999
949999
949999
949999
949999
949999
949999
949999
949999
949999
949999
949999
949999
949999
949999
949999
949999
949999
949999
949999
949999
949999
949999
949999
949999
949999
949999
949999
949999
949999
949999
949999
949999
949999
949999
949999
949999
949999
949999
949999
949999
949999
949999
949999
949999
949999
949999
949999
949999
949999
949999
949999
949999
949999
949999
949999
949999
949999
949999
949999
949999
949999
949999
949999
949999
949999
949999
949999
949999
949999
949999
949999
949999
949999
949999
949999
949999
949999
949999
949999
949999
949999
949999
949999
949999
949999
949999
949999
949999
949999
949999
949999
949999
949999
949999
949999
949999
949999
949999
949999
949999
949999
949999
949999
949999
949999
949999
949999
949999
949999
949999
949999
949999
949999
949999
949999
949999
949999
949999
949999
949999
949999
949999
949999
949999
949999
949999
949999
949999
949999
949999
949999
949999
949999
949999
949999
949999
949999
949999
949999
949999
949999
949999
949999
949999
949999
949999
949999
949999
949999
949999
949999
949999
949999
949999
949999
949999
949999
949999
949999
949999
949999
949999
949999
949999
949999
949999
949999
949999
949999
949999
949999
949999
949999
949999
949999
949999
949999
949999
949999
949999
949999
949999
949999
949999
949999
949999
949999
949999
949999
949999
949999
949999
949999
949999
949999
949999
949999
949999
949999
949999
949999
949999
949999
949999
949999
949999
949999
949999
949999
949999
949999
949999
949999
949999
949999
949999
949999
949999
949999
949999
949999
949999
949999
949999
949999
949999
949999
949999
949999
949999
949999
949999
951000
951010
951110
951200
951210
951420
951460
951809
951810
952040
952050
952140
952150
952830
952840
952850
952860
952870
952880
952890
952900
952910
952920
952930
952950
952960
952990
953030
953040
953050
953070
953080
953100
953120
953139
953140
953150
953160
953170
953180
953220
953230
953510
953620
953660
953670
953690
953700
953760
954000
954020
954450
954480
954580
954620
954800
954810
954820
954850
954870
954920
955120
955200
955270
955290
955330
955410
955430
955510
955550
955650
955660
955700
955710
955720
955730
955740
955750
955810
955900
955910
956000
956010
956020
956030
956040
956050
956060
956070
956080
956100
956110
956120
956130
956140
956150
956160
956170
956180
956190
956210
956220
956230
956240
956250
956260
956270
956280
956290
956300
956310
956320
956330
956340
956350
956360
956370
956380
956390
956400
956410
956420
956430
956440
956450
956460
956470
956540
956550
956560
956570
956580
956590
956600
956610
956620
956630
956640
956660
956670
956680
956690
956700
956710
956720
956740
956750
956760
956770
956780
956870
956889
956920
956950
956970
956990
957030
957040
957050
957060
957070
957080
957090
957100
957119
957130
957150
957160
957170
957180
957190
957200
957210
957220
957230
957250
957260
957270
957280
957340
957350
957400
957440
957460
957470
957480
957490
957500
957520
957530
957540
957560
957580
957620
957640
957650
957660
957670
957680
957700
957710
957720
957730
957740
957750
957780
957790
957840
958050
958060
958070
958100
958110
958120
958130
958140
958150
958160
958170
958180
958220
958230
958250
958270
958290
958310
958320
958330
958340
958350
958360
958370
958380
958390
958400
958420
958430
958450
958509
958530
958540
958550
958569
958589
958629
958640
958660
958670
958690
958710
958720
958730
958740
958760
958810
958840
958900
958950
958960
959010
959040
959060
959070
959080
959090
959110
959120
959130
959160
959180
959250
959290
959300
959310
959350
959360
959370
959400
959500
959510
959520
959530
959540
959550
959560
959570
959580
959590
959600
959610
959620
959640
959650
959660
959670
959680
959690
959700
959710
959720
959730
959740
959750
959770
959780
959790
959800
959810
959820
959830
959840
959850
959860
959880
959890
959950
959970
996600
82101
