110010
110030
110050
110080
110090
110100
110110
110120
110130
110140
110150
110160
110161
110162
110163
110164
110165
110170
110180
110190
110200
110210
110220
110230
110240
110250
110260
110270
110280
110300
110320
110330
110340
110350
110360
110370
110380
110390
110400
110510
110520
110530
110550
110590
110600
110700
110750
110780
110800
110810
110820
110830
110850
110900
111010
111030
111050
111060
111090
111100
111120
111130
111140
111150
111160
111190
111200
111210
111220
111260
111270
111280
111300
111320
111330
111340
111350
111360
111370
111380
111390
111400
111410
111420
111430
111440
111450
111460
111470
111480
111490
111500
111510
111520
111530
111540
111550
111560
111570
111580
111590
111600
111610
111620
111630
111640
111650
111680
111690
111700
111710
111720
111730
111740
111750
111770
111800
111810
111820
111830
111840
111850
111860
111890
111900
111910
111920
111930
111940
111950
112010
112020
112030
112040
112050
112070
112100
112110
112120
112130
112140
112150
112190
112200
112250
112270
112280
112290
112310
112320
112330
112340
112360
112370
112400
112410
112420
112440
112450
112480
112520
112550
112600
112610
112630
112650
112700
112720
112750
112780
112800
112850
112900
112920
112950
112960
112980
113010
113020
113040
113060
113070
113080
113090
113100
113120
113140
113150
113160
113180
113200
113250
113280
113300
113310
113320
113360
113370
113400
113420
113430
113450
113460
113480
113490
113500
113510
113520
113530
113540
113550
113560
113570
113580
113590
113600
113620
113650
113660
113670
113680
113700
113720
113750
113780
113800
113820
113830
113840
113850
113860
113870
113890
113900
113930
113950
