480010
480040
480080
480100
480170
480180
480190
480200
480240
480250
480300
480310
480330
480340
480350
480360
480370
480400
480420
480450
480460
480470
480480
480510
480520
480530
480570
480580
480600
480620
480640
480670
480680
480700
480710
480720
480740
480750
480770
480780
480800
480850
480870
480880
480890
480920
480930
480940
480950
480960
480970
480980
480990
481000
481010
481030
481070
481080
481090
481100
481120
486001
749253
749254
749255
749256
749257
749258
749261
749262
749263
749264
