155010
155020
155030
155050
155070
155100
155110
155140
155200
155250
155253
155254
155255
155256
155257
155258
155260
155280
155300
155330
155340
155350
155380
155440
155460
155470
155490
155500
155520
155560
155561
155610
155620
155630
155750
156000
156010
156050
156090
156091
156110
156130
156140
156150
156180
156190
156220
156250
156260
156270
156280
156300
156310
156350
156360
156370
156400
156420
156450
156460
156500
156550
156610
156620
157120
157180
157250
157260
157290
157300
157340
157360
157410
158840
