847920
854050
854060
854100
854170
854180
854320
854420
854425
854480
854520
854590
854591
854595
854600
854640
854660
854670
854680
854690
854700
854705
854800
854860
854880
854990
855000
855080
855410
855420
855430
855436
855450
855480
855560
855580
855610
855620
855740
855770
855780
855800
855810
855850
855860
856040
856050
856080
856200
856210
856290
856300
856310
856400
856480
856570
856720
856770
856790
856800
856820
856830
856840
857030
857040
857250
857270
857320
857420
857430
857440
857490
857571
857580
857660
857670
857820
857825
857990
858000
858010
858120
858180
858190
858200
858203
858250
858300
858310
858320
858325
858326
858327
858340
858360
858450
858610
858620
858640
858740
858860
858890
858920
858960
859070
859150
859210
859211
859212
859300
859310
859340
859350
859360
859363
859370
859410
859670
859680
859690
859700
859720
859840
859860
859880
998310
54701
