782210
782215
782240
782250
782290
782300
782390
782430
782440
782550
782560
782561
782570
782590
782591
782593
782623
782624
782640
782650
782670
782680
782684
782700
782800
783100
783110
783120
783130
783134
783140
783150
783160
783170
783180
783190
783200
783210
783220
783230
783240
783250
783260
783270
783280
783284
783290
783300
783310
783320
783330
783334
783350
783360
783370
783380
783390
783400
783410
783420
783430
783440
783450
783460
783465
783470
783480
783490
783500
783510
783520
783530
783540
783550
783570
783580
783590
783600
783610
783620
783630
783640
783650
783660
783670
783680
783690
783700
783710
783730
783740
783750
783760
783770
783780
783790
12857
