060050
060080
060090
060110
060120
060170
060190
060210
060220
060221
060222
060223
060224
060230
060240
060300
060310
060320
060330
060335
060340
060370
060410
060430
060440
060450
060470
060480
060490
060520
060530
060540
060546
060550
060560
060580
060590
060600
060620
060630
060640
060650
060660
060680
060690
060700
060710
060720
060730
060740
060750
060760
060780
060790
060800
060810
060820
060840
060860
060870
060890
060930
060960
060990
060994
061000
061020
061040
061060
061070
061080
061090
061100
061110
061150
061160
061180
061190
061200
061230
061240
061245
061260
061280
061310
061350
061360
061370
061380
061390
061400
061410
061420
061430
061440
061441
061443
061470
061490
061500
061510
061520
061530
061540
061560
061580
061590
061600
061610
061620
061640
061650
061655
061680
061690
061700
061730
061740
061790
061800
061810
061830
061840
061860
061880
061900
061910
061930
061960
061970
061990
069545
