840010
840050
840051
840052
840060
840070
840080
840090
840100
840120
840122
840130
840150
840180
840250
840260
840270
840320
840340
840350
840360
840430
840450
840480
840500
840510
840515
840560
840630
840690
840710
840720
840725
840750
840760
840880
840990
841000
841010
841020
841050
841110
841115
841170
841200
841230
841290
841310
841320
841350
841370
841380
841390
841400
841420
841430
841470
841490
841600
841630
841760
841770
841790
841890
841900
841980
842000
842020
842030
842040
842044
842051
842140
842170
842190
842200
842260
842290
842350
842355
842390
842400
842480
842520
842530
842550
842570
842590
842650
842700
842780
842790
