041100
041900
042000
042010
042020
042021
042022
042023
042024
042025
042030
042040
042050
042070
042080
042090
042100
042110
042120
042130
042140
042160
042163
042170
042180
042200
042210
042215
042240
042280
042300
042310
042340
042350
042400
042410
042420
042500
042520
042530
042540
042600
042605
042610
042630
042660
042700
042720
042730
042740
042800
042801
042830
042850
043010
043050
043100
043120
043130
043200
043300
043311
043350
043380
043390
043400
043410
043490
043500
043510
043600
043610
043650
043730
043800
043810
043820
043900
044160
044180
044360
044520
044580
044640
044850
044880
049999
049999
049999
049999
049999
049999
049999
049999
749127
749128
749129
749130
749132
749133
749134
749135
749136
749137
749138
749139
749140
749141
749145
749146
749147
749148
749149
749150
749151
749152
16407
17503
17605
17611
17612
17614
17615
17617
