166000
166060
166100
166130
166140
166200
166220
166240
166250
166270
166320
166410
166420
166421
166430
166450
166480
166500
166510
166540
166560
166610
166620
166650
166651
166653
166670
166690
166720
166740
166750
166820
166830
166840
166850
166870
166890
166900
166970
166990
167010
167040
167050
167060
167100
167110
167120
167131
167140
167150
167160
167161
167170
167180
167190
167193
167210
167230
167240
167260
167263
167264
167300
167320
167330
167340
167341
167380
167400
167410
167420
167430
167440
167443
167460
167464
167470
167480
167490
167494
167500
167540
167543
167560
167570
167580
167590
167600
167650
169990
