130330
131090
131160
131220
131280
131290
131300
131310
131420
131500
131560
131570
131590
132080
132090
132140
132160
132190
132230
132240
133290
133330
133340
133350
134390
134510
134520
142160
142190
142320
142340
142350
142360
142400
142410
142440
142460
142480
142530
142531
142560
142580
142790
142800
142840
143010
143014
143015
143030
143070
143080
143140
143170
143200
143210
143230
143240
143280
143300
143700
143820
144270
144280
144310
144380
144410
144420
144430
144440
144450
144460
144470
144520
144540
144620
144720
144740
