407000
407010
407030
407036
407037
407040
407060
407080
407090
407100
407120
407125
407126
407127
407130
407160
407180
407190
407200
407210
407230
407260
407270
407290
407300
407310
407315
407320
407340
407350
407355
407360
407370
407380
407390
407400
407410
407430
407450
407460
407470
407540
407550
407560
407570
407620
407630
407650
407660
407670
407680
407690
407700
407720
407800
407801
407802
407803
407804
407805
407806
407807
407808
407809
407810
407820
407821
407822
407823
407824
407825
407826
407830
407850
407890
407910
407920
407940
407950
407980
408000
408020
408080
408090
408110
408120
408180
408190
408200
408210
408230
408260
408270
408290
408300
408310
408320
408330
408350
408351
408352
408353
408354
408355
408356
408357
408358
408359
408360
408361
408410
408420
408450
408460
408480
408510
408530
408540
408560
408570
408580
408590
408690
408720
408750
408770
408780
408785
408790
408820
408830
408890
408900
408930
408970
408980
749292
749293
