111290
160000
160010
160015
160016
160060
160080
160083
160100
160140
160150
160180
160200
160210
160220
160230
160330
160360
160365
160370
160400
160410
160440
160450
160455
160460
160520
160530
160540
160550
160580
160590
160595
160600
160610
160640
160660
160670
160680
160700
160720
160730
160740
160760
160800
160810
160840
160880
160890
160900
160903
160920
160940
160950
160960
160980
160990
161000
161010
161050
161070
161080
161100
161110
161120
161140
161150
161155
161160
161170
161180
161190
161200
161210
161220
161230
161240
161250
161260
161270
161280
161290
161300
161320
161330
161340
161343
161350
161360
161380
161400
161420
161440
161450
161460
161470
161480
161490
161500
161530
161540
161550
161580
161640
161650
161680
161700
161710
161720
161740
161743
161760
161780
161790
161800
161810
161820
161900
161910
161915
161920
161970
161980
162000
162040
162060
162100
162120
162140
162150
162160
162170
162180
162190
162210
162230
162240
162250
162260
162270
162280
162281
162283
162290
162300
162310
162320
162330
162340
162350
162380
162390
162400
162420
162430
162440
162450
162460
162470
162490
162520
162530
162580
162591
162592
162593
162600
162603
162610
162620
162630
162640
162660
162700
162710
162800
162810
162880
162890
162894
162920
162923
162940
162950
163000
163100
163120
163140
163160
163170
163180
163200
163240
163250
163300
163320
163330
163340
163360
163370
163380
163383
163440
163445
163450
163500
163510
163600
163620
163640
163650
163680
164000
164010
164050
164090
164100
164150
164160
164200
164220
164290
164300
164340
164350
164360
164420
164500
164530
164540
164590
164594
164600
164640
164650
164690
164700
164710
164750
164751
164800
164900
164910
165020
165040
165060
165200
165220
165230
165240
165300
165310
165320
165370
165380
165390
165410
165420
165430
165440
165450
165460
165480
165490
165500
165600
165635
165640
165643
165650
165700
165820
165840
165850
165860
692894
693064
749267
749295
749297
749298
749299
749300
749301
749302
749303
749304
749499
749500
749501
749502
749504
749505
749506
749507
749508
749510
749511
749512
749513
749514
749515
749518
749519
749521
749522
749523
749525
749526
749527
749528
749530
749534
749536
749537
998410
998414
998415
998416
998418
998419
998421
33126
34194
