406010
406020
406030
406040
406050
406060
406070
406080
406090
406100
406110
406120
406150
406160
406180
406190
406200
406210
406220
406230
406270
406290
406310
406320
406330
406340
406350
406355
406356
406370
406380
406400
406410
406420
406430
406440
406450
406460
406480
406500
406503
406505
406506
406507
406508
406511
406514
406550
406560
406570
406580
406600
406620
406640
406650
406660
406700
406720
406740
406750
406760
406780
406800
406840
406850
406860
406880
406890
406900
406910
690514
691134
691344
691734
692554
692574
693044
693384
693684
695514
696374
696384
696404
697654
697774
697884
697924
698404
698684
