442030
442031
442070
442080
442100
442120
442130
442131
442140
442150
442160
442170
442180
442190
442210
442240
442250
442251
442290
442300
442301
442310
442320
442360
442370
442371
442380
442390
442400
442410
442420
442430
442450
442540
442560
442570
442580
442590
442640
442650
442660
442720
442730
442750
442770
442780
442820
442840
442850
442860
442870
442880
442900
442910
442920
442930
442940
442970
442980
443010
443020
443040
443050
443130
443132
443140
443170
443250
443290
443360
443380
443410
443470
443480
443520
443540
443580
443730
443740
443830
443850
443860
443920
530670
606060
