760011
760013
760014
760051
760053
760054
760400
760500
760550
760610
760620
760751
760753
760754
760801
761130
761180
761220
761300
761510
761600
761601
761610
761613
762055
762200
762250
762252
762253
762254
762430
762530
762533
762550
762555
762556
762560
762580
762800
762861
762863
762864
763050
763110
763230
763340
763420
763425
763490
763501
763503
763504
763610
763615
763616
763730
763810
763820
763821
763825
763900
763930
763940
763943
763944
763990
763991
763993
763994
764010
764015
764020
764050
764054
764055
764056
764057
764120
764121
764125
764230
764235
764236
764580
764591
764593
764594
764710
764900
764910
764915
764916
764990
765180
765190
765250
765254
765255
765260
765390
765395
765411
765430
765480
765490
765491
765493
765494
765510
765560
765563
765700
765710
765713
765730
765750
765752
765754
765770
765773
765774
765800
765810
765820
765825
765850
765900
765905
765906
765930
765950
765990
766010
766011
766013
766014
766015
766120
766123
766127
766130
766131
766133
766134
766250
766320
766340
766342
766343
766400
766405
766420
766421
766430
766440
766443
766470
766480
766483
766490
766491
766493
766534
766535
766540
766545
766546
766547
766560
766580
766581
766583
766585
766620
766650
766655
766656
766700
766714
766724
766750
766753
766754
766790
766793
766800
766810
766830
766850
766855
766870
766875
766890
766900
766910
766913
766920
766950
766953
766961
766980
767130
767230
767260
767270
767370
767375
767380
767383
767410
767430
767433
767434
767441
767460
767473
767490
767493
767494
767500
767501
767502
767503
767510
767581
767584
767585
767620
767730
767750
767755
767756
767810
767981
768050
768053
768055
768056
768230
768235
768300
768330
768400
768420
768430
768433
768435
768450
768480
768485
768486
768550
768556
768557
768560
769030
769040
769043
769045
769995
769997
997395
997809
998433
998434
998437
