749405
749406
749407
749408
749409
749410
749411
749413
749414
749415
749416
749417
749444
749540
920010
920030
920040
920050
920060
920100
920140
920145
920147
920148
920220
920350
920360
920400
920440
920470
920510
920680
920690
920700
920720
920750
920760
920770
920800
920820
920840
920870
920900
920920
921000
940010
940020
940030
940040
940050
940080
940120
940140
940200
940220
940270
940310
940320
940350
940440
940470
940481
940500
940510
940560
940691
940760
940820
940830
940850
940870
940890
940900
940970
80430
80431
