119000
150000
150001
150002
150010
150030
150040
150070
150090
150100
150105
150110
150130
150140
150150
150200
150230
150235
150250
150320
150330
150400
150410
150420
150430
150440
150470
150520
150540
150550
150560
150620
150630
150690
150700
150730
150740
150750
150790
150800
150830
150840
150850
150880
150890
150900
150910
150920
150940
150950
150980
150990
151070
151080
151090
151110
151130
151150
151160
151170
151180
151190
151200
151205
151230
151240
151270
151320
151340
151360
151380
151400
151430
151450
151455
151480
151490
151500
151520
151540
151580
151590
151600
151620
151630
151650
151680
151700
151740
151750
151790
151820
151840
151860
151880
151890
151910
151940
151970
151990
152000
152005
152040
152060
152080
152090
152100
152110
152120
152150
152170
152190
152210
152220
152300
152310
152350
152370
152380
152390
152410
152450
152470
152490
152540
152590
152600
152610
152620
152640
152650
152670
152700
152730
152770
152780
152790
152800
152810
152820
152830
152840
152850
152870
152890
152900
152920
152950
152960
152970
152980
152990
153000
153010
153020
153030
153040
153070
153100
153110
153120
153140
153150
153160
153170
153190
153200
153210
153220
153240
153250
153280
153330
153350
153355
153360
153370
153380
153400
153410
153440
153450
153460
153470
153480
153490
153500
153510
153550
153560
153570
153580
153600
153610
153630
153640
153660
153690
153730
153750
153770
153870
153880
153890
153950
153990
154010
154020
154050
154060
154080
154090
154100
154120
154130
154140
154160
154190
154200
154210
154215
154220
154230
154240
154250
154280
154290
154340
154360
154430
154440
154450
154470
154480
154490
154500
154510
154550
154580
154600
154620
154630
154650
154690
154700
154740
154750
154760
154770
154790
154800
154810
154820
154830
154890
154900
154910
154930
154931
154940
154950
154980
154990
