691764
691854
691970
692004
697054
697134
697174
697194
698074
749306
749315
981320
981330
981340
981350
981360
982220
982230
982310
982320
982330
983210
983220
983230
983240
983250
983260
983270
983275
983280
983290
983300
983330
983340
983360
984235
984250
984260
984260
984270
984280
984280
984290
984295
984300
984310
984320
984330
984340
984350
984360
984370
984375
984380
984390
984400
984420
984425
984440
984460
984470
985260
985310
985360
985370
985375
985380
985430
985450
985455
985460
985480
985500
985530
985580
986020
986180
986300
986370
986395
986420
986440
986445
986450
986460
986480
986530
986545
987410
987425
987445
987455
987460
987461
987470
987480
987510
987520
987530
987540
987550
988300
988360
988485
988510
41224
41225
41226
41227
41228
41229
41230
41231
