403415
403560
403570
403584
403600
403610
403620
403640
403660
403670
403680
403690
403710
403720
403730
403740
403750
403760
403770
403800
403900
403940
403950
404000
404010
404020
404040
404050
404100
404140
404150
404160
404170
404180
404184
404190
404194
404200
404210
404220
404300
404320
404340
404350
404370
404375
404380
404384
404390
404400
404450
404500
404540
404560
404760
404770
404800
404950
404980
410060
410080
410100
410140
410160
410180
410200
410240
410260
410300
410310
410320
410350
410360
410550
410600
410610
410620
410800
410840
411120
411140
411280
411360
411363
411400
411410
692334
