483000
483006
483007
483009
483020
483030
483031
483032
483033
483034
483035
483040
483070
483100
483150
483240
483250
483260
483270
483275
483280
483290
483300
483310
483315
483330
483340
483500
483510
483520
483530
483540
483545
483550
483560
483565
483570
483576
483580
483600
483720
483730
483740
483750
483760
483770
483780
483785
483790
483795
483800
483810
483815
483816
483817
483818
483820
483830
483840
483850
483860
483870
483900
484000
484005
484006
484010
484020
484030
484040
484050
484070
484075
484076
484080
484085
484090
484130
484150
484160
484180
484190
484200
484210
484250
484260
484262
484265
484266
484267
484270
484290
484300
484305
484306
484310
484315
484316
484320
484330
484340
484350
484360
484370
484390
484400
484500
484506
484510
484530
484540
484550
484560
484565
484570
484580
484590
484600
484610
484620
484630
484640
484650
484740
484750
484770
484775
484776
484777
484778
484780
484790
484800
484810
485000
485005
485006
485010
485170
485200
485320
485500
485510
485515
485520
485530
485540
485550
485560
485570
485575
485576
485577
485578
485600
485610
485630
485640
485650
485660
485670
485680
485685
485690
485700
485710
485740
485800
485806
485810
485830
