170200
170220
170222
170223
170240
170260
170290
170300
170310
170330
170340
170380
170400
170420
170450
170460
170500
170520
170540
170560
170575
170590
170600
170610
170620
170630
170640
170661
170670
170671
170672
170673
170674
170675
170680
170690
170700
170720
170740
170780
170800
170820
170840
170850
170860
170880
170890
170900
170905
170920
170950
170960
170965
170980
170981
170990
171000
171001
171100
171110
171120
171150
171160
171170
171180
171185
171190
171200
171240
171270
171273
171280
171290
171295
171300
171310
171350
171400
171450
171500
171550
171600
171620
171650
171700
171750
171770
171800
171840
171860
171865
171880
171890
171900
171905
171910
171920
171930
171940
171950
171960
171970
171983
171990
172000
172005
172006
172007
172020
172030
172040
172043
172050
172100
172180
172189
172190
172191
172200
172210
172320
172340
172345
172370
172375
172380
172390
172400
172410
172440
172460
172480
172500
172550
172600
172620
172650
172700
172710
172720
172734
172750
172800
172805
172820
172821
172850
172900
172910
172920
172950
172953
172960
172970
172980
173000
173020
173100
173200
173300
173400
173500
173500
173505
173510
173520
173550
173700
173720
173725
173750
173800
