330001
330002
330003
330004
330005
330490
330580
330670
330750
330880
331350
331360
331490
331560
331730
331770
331820
331870
332030
332130
332150
332220
332280
332310
332360
332460
332610
332680
332710
332750
332870
332880
332960
332970
332990
333010
333011
333012
333120
333170
333250
333390
333450
333451
333460
333463
333470
333530
333560
333620
333680
333740
333760
333770
333820
333910
333920
333930
333931
333980
334090
334150
334210
334290
334390
334460
334640
334660
334840
334870
334950
335020
335060
335100
335110
335130
335140
335150
335160
335170
335240
335260
335360
335460
335480
335500
335570
335620
335640
335710
335770
335810
335830
335860
335870
335930
335980
336050
336090
336140
336150
336210
336310
336340
336380
336450
336460
336470
336510
336570
336580
336630
336760
336860
336990
337050
337110
337170
337230
337590
337610
337770
337880
337910
338050
338151
338300
338330
338340
338370
338380
338390
338450
338460
338480
338620
338690
338770
338870
338890
338960
338980
339020
339070
339100
339110
339150
339170
339210
339220
339240
339290
339330
339340
339350
339390
339450
339460
339590
339600
339610
339620
339660
339690
339730
339760
339810
339830
339900
339920
339940
339950
339960
339980
339990
343000
343020
343040
343070
343120
343170
343190
344010
344070
344090
344110
344150
344190
344210
344220
344340
345000
345020
345040
345050
345090
345100
345140
345150
345190
345230
345240
345370
346010
346060
346070
346090
346150
346220
347040
347080
347120
347170
