603500
603510
603530
603550
603570
603600
603670
603690
603710
603720
603730
603740
603760
603790
603800
603810
603840
603870
603880
603900
603930
603940
603950
604000
604010
604020
604030
604050
604100
604130
604150
604170
604190
604200
604210
604230
604250
604300
604350
604370
604440
604450
604520
604570
604590
604591
604592
604593
604610
604650
604653
604670
604680
604710
604750
604760
604780
604810
604820
604850
604900
604920
604925
604981
605050
605054
605060
605070
605110
605140
605150
605170
605180
605200
605220
605250
605300
605310
605350
605360
605400
605450
605490
605500
605550
605570
605590
605600
605630
605650
605660
605700
605710
605800
605810
605900
605930
606000
606010
606020
606030
606050
606070
606080
606110
606120
606130
606170
606190
606200
606201
606210
606250
606300
606305
606330
606380
606390
606400
606450
606460
606500
606560
606600
606610
606620
606630
606670
606700
606720
606750
606760
606770
606780
606790
606800
606805
606810
606820
606850
606860
606890
606900
606910
606920
606930
606940
606950
749268
749269
749271
749273
749276
749277
749278
749280
749282
