619030
859950
889340
889400
889420
889490
889560
889590
889630
889650
890010
890020
890030
890040
890090
890090
890130
890140
890160
890180
890200
890220
890240
890270
890340
890420
890430
890440
890450
890490
890500
890510
890520
890530
890540
890550
890560
890570
890580
890590
890600
890610
890610
890620
890630
890640
890650
890660
890810
890830
890870
891080
891250
891320
891750
892080
892140
892500
892510
892520
892530
892570
892580
892590
892610
892620
892640
892660
892680
892690
892720
892840
893140
893240
893270
893290
893320
893450
893710
893740
893760
893770
894540
895040
895070
895100
895120
895140
895240
895280
895320
895360
895420
895440
895580
895640
895650
895670
895680
895700
895710
895720
895730
895740
895750
895760
895770
895780
895860
895920
895980
896000
896010
896060
896100
896110
896120
896140
896150
896180
896200
896250
896270
896280
896370
896420
896430
896440
896460
896480
896570
896590
896600
896610
896620
896630
896640
896640
896650
896660
896670
896680
896680
896690
896700
896710
896740
897050
897340
897440
897570
897580
897620
897670
897680
897690
897740
897990
898030
898050
898070
898090
898100
898110
898120
898130
898140
898150
898160
898280
898320
898340
898360
898470
898600
898610
898620
898630
898640
898650
898660
898670
898680
898690
898720
898730
898790
899610
899700
899710
955020
57401
57701
67601
68201
68601
68701
77401
86101
86102
87601
87602
87603
87701
88701
88702
88703
