312600
312610
749024
749399
749400
817170
818320
818480
819090
819500
819960
820140
820170
820220
820240
820260
820300
820305
820306
820420
820670
820910
820940
820960
820980
820990
821000
821030
821060
821070
821075
821080
821110
821130
821410
821430
821450
821780
821810
821840
821880
821910
821930
821980
822000
822120
822400
822440
822460
822630
822770
822800
822810
822870
822880
822940
823030
823170
823260
823310
823320
823360
823365
823366
823530
823600
823610
823760
823820
823920
823970
823980
824000
824100
824110
824180
824250
824440
824450
824600
824760
824800
824870
824930
825330
825620
825640
825650
825660
825670
825680
825710
825780
825790
825830
825860
825880
825900
825910
825940
825950
825960
825980
825990
825991
826100
826400
826590
826680
826780
826830
826843
826860
826890
826900
826910
826930
827040
827230
827410
827530
827600
827640
827641
827650
827680
827710
827770
827800
827840
827890
827910
827920
827940
827950
827960
827970
827980
827981
828070
828080
828160
828240
828250
828610
828630
828790
828820
828860
828930
828950
828960
828981
828990
829000
829150
829170
829270
829300
829650
829654
829700
829750
829760
829790
829830
829840
829860
829890
829900
829910
829920
829930
829940
829960
830100
830320
830330
830360
830580
830630
830640
830650
830660
830750
830760
830880
830900
830920
830950
830960
830970
831000
831110
831170
831560
831790
831820
831840
831860
831900
831920
831950
832000
832080
832140
832200
832210
832220
832280
832290
832310
832315
832350
832360
832420
832440
832480
832490
832640
832700
832860
832880
832890
832920
832950
833020
833090
833190
833320
833340
833380
833390
833440
833480
833490
833520
833580
833590
833610
833620
833640
833650
833680
833700
833740
833750
833760
833770
833780
833790
833830
833840
833860
833880
833890
833930
833950
833980
834050
834080
834100
834190
834230
834240
834270
834280
834370
834410
834420
834460
834600
834640
834700
834790
834810
834830
834880
834920
834970
834980
834990
835120
835130
835140
835220
835250
835253
835255
835260
835310
835360
835380
835430
835500
835520
835540
835650
835660
835700
835740
835760
835770
835790
835810
835820
835830
835860
835870
835880
835890
835920
835950
835970
835990
836050
836080
836110
836120
836150
836170
836180
836230
836250
836300
836340
836390
836420
836440
836460
836480
836490
836500
836520
836540
836590
836600
836630
836690
836710
836720
836723
836724
836725
836726
836727
836728
836729
836740
836760
836793
836810
836820
836830
836840
836850
836860
836870
836880
836890
836920
836950
836980
836993
837000
837020
837030
837040
837080
837085
837086
837140
837160
837180
837190
837210
837220
837260
837290
837320
837360
837380
837390
837410
837420
837430
837440
837450
837460
837480
837490
837500
837550
837590
837660
837670
837680
837690
837730
837740
837750
837753
837780
837790
837800
837810
837820
837830
837840
837860
837870
837880
838000
838090
838093
838110
838130
838140
838180
838210
838250
838260
838270
838280
838290
838310
838340
838345
838360
838370
838400
838420
838440
838510
838570
838600
838640
838670
838690
838720
838740
838810
838830
838850
838870
838890
838910
838930
838950
838970
838990
839070
839120
839140
839160
839180
839190
839200
839230
839240
839250
839260
839270
839280
839310
839360
839370
839420
839480
839520
839530
839640
839670
839700
839710
839730
839750
839800
839810
839820
839850
839950
839970
839980
839985
839995
860880
866640
867125
868900
868905
868910
