693840
693850
693860
693870
693880
693900
693910
693920
693940
693960
693980
694010
694030
694070
694080
694150
694170
694180
694230
694280
702093
710010
710020
710030
710040
710050
710060
710070
710080
710090
710100
710110
710120
710130
710140
710150
710160
710170
710180
710190
710200
710205
710210
710220
710230
710240
710260
710267
710268
710269
710270
710280
710290
710300
710310
710320
710323
710324
710325
710326
710327
710328
710329
710330
710333
710334
710335
710336
710337
710338
710339
710340
710344
710345
710347
710348
710349
710350
710351
710352
710354
710355
710356
710358
710359
710360
710361
710362
710363
710364
710365
710366
710367
710369
710370
710371
710372
710373
710374
710375
710376
710377
710378
710380
710390
710400
710410
710415
710416
710420
710430
710435
710440
710445
710450
710455
710460
710470
710480
710490
710500
710501
710505
710510
710513
710513
710514
710520
710530
710533
710534
710550
710560
710561
710563
710564
710565
710570
710580
710590
710600
710603
710610
710613
710614
710620
710624
710630
710633
710635
710636
710637
710638
710639
710640
710650
710660
710670
710680
710685
710690
710691
710700
710702
710710
710713
710720
710725
710730
710733
710734
710735
710736
710740
710750
710751
710754
710760
710763
710764
710770
710774
710780
710790
710800
710804
710810
710814
710820
710823
710824
710830
710840
710850
710860
710870
710871
710880
710881
710890
710900
710903
710910
710914
710920
710924
710930
710933
710934
710935
710940
710944
710950
710951
710960
710964
710970
710980
710983
710990
711000
711010
711014
711015
711020
711024
711030
711033
711034
711040
711046
711050
711054
711055
711060
711060
711064
711070
711070
711073
711074
711080
711090
711100
711110
711111
711120
711121
711130
711131
711133
711134
711140
711143
711145
711146
711147
711150
711153
711160
711170
711180
711190
711200
711210
711220
711224
711225
711226
711228
711230
711233
711234
711240
711250
711253
711260
711270
711275
711280
711284
711290
711294
711300
711303
711310
711320
711321
711330
711340
711350
711360
711370
711380
711390
711400
711405
711406
711410
711415
711420
711430
711440
711450
711454
711460
711461
711470
711480
711490
711500
711510
711520
711530
711540
711550
711560
711570
711580
711590
711600
711610
711620
711630
711640
711650
711660
711670
711700
711710
711720
711740
711750
711760
711770
711780
711790
711800
711810
711811
711820
711830
711835
711840
711850
711854
711855
711860
711870
711880
711881
711890
711891
711895
711896
711900
711910
711920
711930
711940
711944
711945
711950
711960
711965
711966
711970
711971
711974
711980
711990
712000
712003
712004
712010
712013
712020
712023
712024
712025
712026
712027
712030
712035
712040
712043
712045
712050
712060
712063
712070
712073
712079
712080
712081
712085
712090
712110
712120
712130
712140
712150
712160
712170
712180
712190
712200
712210
712220
712230
712240
712250
712260
712270
712280
712290
712300
712310
712320
712330
712340
712350
712360
712370
712380
712390
712400
712410
712420
712430
712440
712450
712460
712470
712480
712490
712500
712510
712520
712530
712540
712550
712560
712570
712580
712590
712600
712603
712610
712615
712625
712630
712635
712640
712643
712650
712654
712670
712680
712690
712700
712710
712720
712730
712740
712750
712760
712770
712780
712790
712810
712820
712830
712840
712850
712860
712870
712880
712890
712900
712910
712920
712930
712940
712950
712960
712970
712980
712990
713000
713010
713020
713030
713040
713041
713050
713060
713070
713080
713090
713100
713110
713120
713130
713140
713150
713160
713170
713180
713190
713200
713210
713220
713230
713240
713250
713270
713290
713310
713315
713320
713325
713330
713335
713340
713350
713360
713370
713380
713390
713400
713410
713420
713430
713440
713450
713460
713470
713480
713490
713500
713510
713520
713530
713540
713550
713560
713570
713580
713590
713600
713610
713620
713630
713640
713650
713660
713670
713680
713681
713683
713690
713697
713700
713710
713713
713715
713720
713721
713725
713730
713740
713750
713760
713770
713780
713790
713800
713810
713820
713830
713840
713850
713860
713870
713880
713890
713900
713910
713920
713930
713950
713951
713953
713955
713960
713970
713975
713980
713985
713990
713993
713995
714000
714010
714015
714020
714030
714040
714050
714060
714070
714080
714090
714100
714110
714120
714130
714133
714140
714150
714160
714163
714164
714170
714180
714190
714210
714220
714230
714233
714240
714243
714250
714253
714260
714263
714270
714280
714283
714290
714300
714310
714320
714323
714324
714325
714330
714335
714340
714350
714360
714370
714375
714380
714390
714393
714400
714410
714420
714430
714440
714450
714453
714460
714470
714480
714490
714500
714503
714510
714520
714530
714540
714550
714560
714570
714580
714590
714600
714610
714620
714630
714640
714650
714660
714670
714673
714680
714700
714710
714720
714724
714725
714730
714735
714740
714750
714755
714760
714764
714765
714770
714773
714775
714780
714790
714795
714800
714810
714813
714820
714823
714830
714833
714835
714840
714844
714850
714860
714870
714880
714890
714900
714910
714920
714930
714940
714950
714960
714963
714970
714980
714990
715000
715010
715020
715030
715040
715050
715060
715070
715080
715090
715100
715110
715120
715130
715140
715150
715160
715170
715180
715190
715200
715210
715220
715230
715240
715250
715260
715270
715274
715275
715280
715290
715320
715330
715340
715350
715360
715370
715380
715390
715400
715410
715420
715430
715440
715450
715460
715470
715480
715490
715500
715510
715520
715530
715540
715550
715560
715570
715580
715590
715600
715620
715630
715640
715650
715660
715670
715680
715690
715700
715710
715720
715730
715740
715750
715760
715770
715780
715790
715800
715810
715820
715830
715840
715850
715860
715870
715880
715890
715900
715901
715910
715915
715920
715925
715930
715970
715971
715980
715990
716000
716004
716005
716010
716013
716015
716016
716030
716033
716040
716041
716050
716053
716055
716060
716070
716080
716090
716094
716100
716110
716120
716140
716160
716170
716180
716190
716200
716204
716205
716210
716215
716220
716225
716230
716235
716240
716245
716246
716248
716249
716250
716251
716260
716261
716266
716268
716269
716270
716270
716275
716276
716278
716279
716280
716285
716290
716291
716293
716300
716303
716305
716310
716313
716314
716315
716316
716320
716321
716330
716333
716340
716341
716344
716353
716360
716363
716370
716373
716380
716390
716400
716420
716440
716445
716530
716600
716630
716650
716660
716670
716680
716690
716700
716710
716720
716730
716740
716750
716780
716790
716800
716810
716820
716830
716840
716850
716860
716870
716880
716890
716900
716910
716920
716930
716940
716950
716960
716970
716971
716990
717000
717010
717020
717024
717030
717040
717041
717050
717055
717060
717063
717070
717075
717080
717090
717093
717094
717100
717101
717110
717111
717115
717120
717130
717134
717140
717144
717145
717146
717150
717154
717155
717160
717161
717170
717173
717174
717175
717180
717190
717200
717210
717220
717230
717234
717240
717250
717255
717260
717263
717270
717280
717300
717310
717313
717320
717330
717334
717340
717350
717355
717360
717365
717366
717367
717370
717374
717375
717380
717381
717385
717386
717390
717393
717410
717420
717430
717440
717460
717470
717480
717483
717485
717490
717493
717495
717496
717500
717500
717510
717520
717530
717540
717545
717550
717560
717570
717580
717600
717610
717620
717630
717650
717660
717670
717680
717690
717700
717710
717720
717730
717740
717750
717760
717770
717775
717780
717790
717800
717810
717820
717830
717840
717850
717860
717870
717880
717890
717910
717920
717930
717940
717950
717960
717970
717980
717990
717994
717995
718000
718004
718009
718010
718020
718021
718030
718040
718041
718043
718045
718059
718060
718064
718070
718073
718080
718084
718090
718091
718100
718103
718104
718105
718110
718113
718120
718121
718130
718134
718140
718141
718150
718160
718170
718171
718173
718175
718180
718184
718190
718193
718194
718195
718200
718201
718210
718213
718220
718223
718230
718233
718240
718241
718250
718260
718261
718264
718270
718274
718275
718276
718280
718284
718290
718300
718310
718320
718330
718331
718340
718344
718345
718350
718355
718360
718364
718365
718366
718370
718390
718400
718401
718410
718414
718420
718423
718424
718425
718426
718427
718428
718429
718430
718431
718432
718433
718434
718435
718436
718437
718438
718440
718441
718442
718443
718450
718454
718455
718460
718463
718470
718480
718490
718500
718510
718515
718520
718525
718527
718530
718531
718533
718534
718535
718540
718544
718550
718553
718560
718564
718565
718570
718571
718575
718576
718580
718590
718593
718600
718601
718610
718614
718620
718630
718640
718650
718654
718660
718663
718665
718670
718680
718684
718690
718700
718703
718710
718711
718720
718724
718730
718735
718736
718737
718740
718743
718750
718753
718754
718755
718756
718760
718765
718770
718775
718776
718777
718778
718780
718783
718784
718790
718793
718794
718795
718800
718801
718810
718813
718814
718820
718823
718830
718831
718834
718835
718840
718841
718843
718844
718850
718851
718860
718863
718864
718870
718880
718884
718890
718895
718900
718903
718904
718905
718910
718913
718914
718915
718916
718917
718918
718920
718925
718926
718930
718935
718936
718937
718940
718944
718950
718951
718955
718956
718960
718964
718965
718970
718980
718985
718990
718990
718994
719000
719004
719010
719015
719020
719023
719025
719030
719031
719035
719040
719041
719043
719044
719045
719050
719053
719060
719063
719064
719065
719070
719073
719074
719075
719076
719077
719080
719081
719083
719090
719094
719100
719101
719104
719110
719120
719123
719124
719130
719140
719141
719143
719144
719145
719150
719154
719155
719156
719160
719164
719165
719170
719174
719175
719176
719180
719181
719190
719194
719195
719200
719201
719203
719204
719210
719211
719214
719220
719221
719230
719234
719240
719245
719246
719248
719249
719250
719260
719264
719265
719270
719280
719284
719290
719300
719303
719310
719320
719323
719330
719331
719333
719334
719340
719350
719360
719365
719370
719373
719380
719390
719390
719391
719400
719403
719410
719421
719430
719440
719445
719446
719450
719455
719456
719457
719458
719460
719463
719465
719467
719468
719470
719471
719480
719480
719485
719490
719491
719492
719493
719494
719495
719500
719510
719520
719520
719523
719524
719525
719530
719540
719540
719550
719560
719564
719570
719573
719574
719575
719576
719580
719584
719590
719590
719594
719595
719596
719600
719620
719630
719640
719644
719645
719650
719660
719664
719665
719666
719670
719674
719675
719676
719677
719680
719690
719691
719700
719710
719720
719730
719740
719750
719760
719770
719780
719790
719800
719810
719820
719830
719840
719850
719860
719870
719880
719890
719900
719964
719974
719984
719990
719994
725270
725380
726000
726010
726025
726030
726090
726100
726200
726210
726230
726240
726245
726246
726247
726248
726250
726261
726266
726268
726269
726270
726275
726276
726278
726280
726300
726310
726315
726330
726341
727000
727010
727020
727050
727060
727070
727075
727090
727110
727140
727145
727150
727170
727180
727190
727200
727220
727250
727255
727260
727270
727280
727300
727310
727320
727330
727350
727375
727380
727390
727480
727490
727495
727990
727995
728000
728010
728020
728030
728040
728045
728050
728070
728080
728100
728105
728110
728120
728130
728140
728150
728155
728160
728170
728180
728190
728210
728220
728225
728241
728250
728260
728270
728280
728310
728340
728360
728410
728420
728425
728450
728460
728480
728500
728510
728520
728525
728526
728530
728540
728550
728560
728565
728575
728580
728610
728620
728630
728640
728650
728660
728665
728670
728680
728690
728700
728710
728720
728730
728735
728740
728750
728760
728770
728775
728780
728790
728800
728810
728820
728830
728840
728860
728870
728880
728885
728890
728895
728900
728905
728910
728915
728916
728920
728925
728930
728935
728936
728937
728940
728950
728955
728956
728960
728970
728980
728985
728990
729000
729010
729040
729050
729060
729070
729085
729090
729100
729110
729120
729130
729140
729150
729160
729170
729180
729190
729200
729210
729220
729230
729240
729245
729250
729260
729270
729280
729290
729300
729310
729320
729330
729340
729350
729360
729365
729370
729380
729385
729390
729400
729410
729430
729440
729450
729455
729456
729457
729460
729465
729466
729480
729490
729500
729510
729520
729530
729550
729560
729570
729580
729590
729595
729640
729650
729660
729665
729670
729675
729676
729680
729690
740355
740430
740435
740450
740455
740500
740505
740510
740530
740561
740610
740620
740630
740660
740680
740690
740710
740720
740730
740740
740750
740760
740770
740780
740790
740800
740810
740820
740900
740910
740920
740930
740940
740950
740960
740980
741000
741010
741020
741030
741040
741050
741060
741070
741080
741090
741100
741110
741130
741140
741145
741150
741200
741210
741220
741230
741250
741260
741270
741290
741300
741310
741350
741380
741400
741405
741410
741415
741430
741450
741480
741820
741850
741870
741890
741895
741930
741940
741950
741960
741970
742000
743681
743905
743951
743970
743980
743985
749020
749021
749102
749103
749118
749119
749120
749121
749122
749123
749142
749143
749186
749187
749188
749189
749190
749191
749192
749193
749194
749195
749196
749197
749198
749199
749206
749207
749208
749210
749211
749212
749214
749215
749216
749218
990210
992190
992930
992980
995340
995350
995390
995410
995480
995490
995500
995710
995900
995960
995970
995980
995990
996210
996250
996260
996410
996430
996460
996490
996500
996510
996520
996530
996540
996550
996620
996720
996730
996870
996930
996960
996980
997020
997187
997189
997191
997192
997193
997194
997195
997196
997197
997213
997218
997219
997234
997490
997555
998338
15620
25237
25342
25343
26114
26394
27102
27201
27202
64757
94234
94792
