450010
450030
450040
450050
450060
450090
450100
450320
450330
450340
450350
450390
450410
450440
450450
465890
470311
470312
501360
502460
503490
503530
504250
504340
504420
504680
505140
505270
505280
505480
505570
505640
506030
506320
506390
506460
506560
506580
507030
507270
507410
507420
507450
507560
507580
507740
507750
507870
507880
508340
508380
508440
508450
508530
508540
508620
508730
508770
508880
509150
509360
509450
509490
509530
509540
509630
509680
509780
509830
509880
510530
510560
510680
510760
510770
510860
510870
511160
511330
511560
511860
512320
512410
512430
512880
512940
513300
513340
513460
513520
513560
513650
513790
514300
514310
514370
514630
514635
514670
514770
514950
514960
515260
515420
515570
515670
515730
515810
516280
516330
516380
516420
516440
516560
517010
517050
517060
517080
517090
517110
517160
517200
517300
517470
517650
517770
517780
517860
518040
518110
518180
518280
518390
518480
518550
518860
518950
519150
519310
521010
521120
521180
522030
522670
522680
523030
523130
523180
523230
523330
523430
523530
523670
523770
523780
523910
524180
524240
524310
524340
524360
524410
524460
524470
524950
525230
525330
525331
525360
525430
525460
525760
526020
526180
526330
526450
526510
526520
526530
526570
526610
526710
526740
526790
526810
526820
526980
527020
527070
527130
527230
527360
527370
527380
527400
527440
527530
527540
527650
527660
527760
527770
527790
527820
527870
527880
527970
527980
528130
528180
528250
528260
528330
528360
528380
528420
528460
528540
528560
528570
528640
528660
528680
528760
528860
528880
528890
528950
529070
529080
529400
529410
529420
529430
529470
529550
529570
529580
529680
529740
529780
529830
529840
529860
529960
530680
530730
530780
530830
531490
531920
531950
532310
532760
532780
532860
533230
533310
533360
533520
533620
533630
533760
533910
534200
534360
534460
534463
534620
534630
534730
534770
534780
534800
534870
534880
535020
535130
535190
535230
535290
535330
535390
535430
535460
535630
535640
535730
535770
535780
535870
535880
535930
536020
536140
536150
536240
536360
536460
536520
536620
536630
536640
536660
536730
536810
536980
537050
537130
537140
537150
537230
537380
537400
537430
537450
537530
537540
537570
537630
537640
537720
537760
537820
537870
537880
537970
537980
537981
538050
538100
538170
538180
538210
538230
538450
538530
538630
538650
538660
538680
538870
538920
538980
539030
539130
539150
539230
539290
539380
539420
539450
539470
539480
539590
539750
539850
539860
539950
540010
540120
540160
540170
540260
540270
540280
540410
540490
540630
540680
540740
540800
540940
540960
540970
541020
541150
541250
541340
541350
541420
541450
541570
541580
541610
541611
541720
541810
541860
541920
541950
542070
542080
542130
542180
542260
542350
542360
542370
542590
542660
542730
542740
542760
542840
542850
542870
542920
543080
543110
543240
543260
543350
543360
543370
543380
543390
543420
543424
543430
543460
543510
543630
543650
543740
543770
543780
543860
544010
544050
544060
544230
544290
544360
544490
544540
544550
544710
544740
544760
544770
544830
544860
544930
544970
544980
545010
545110
545120
545130
545170
545180
545230
545270
545273
545280
545290
545340
545390
545430
545630
545640
545750
545770
545840
545870
546020
546060
546140
546160
546180
546230
546240
546250
546260
546350
546430
546460
546530
546560
546620
546630
546800
547020
547050
547070
547130
547140
547150
547160
547230
547250
547260
547360
547430
547450
547510
547530
547560
547570
547580
547630
547640
547650
547720
547730
547740
547760
547900
548080
548230
548260
548270
548300
548360
548430
548460
548520
548525
548530
548570
548580
548630
548680
548710
548970
549060
549070
549090
549150
549160
549230
549290
549360
549380
549450
549460
549480
549520
552280
552480
552790
552940
552990
553850
554370
554720
554880
554930
555690
555780
555850
555910
555980
556560
556640
556800
556900
556960
557730
558210
560040
560070
560160
560180
560190
560210
560230
560260
560280
560290
560295
560310
560330
560340
560360
560380
560410
560420
560430
560440
560460
560570
560650
560670
560690
560700
560740
560750
560760
560790
560800
560850
560860
560890
560900
560930
560960
560970
561060
561070
561160
561250
561260
561270
561320
561370
561380
561430
561440
561460
561470
561510
561520
561560
561570
561670
561710
561720
561730
561780
561820
561830
561870
561880
561920
561930
561940
561960
562020
562270
562370
562470
562510
562570
562650
562870
562940
562950
562970
562980
563120
563150
563470
563570
563740
563750
563760
563840
563850
563860
564410
564440
564590
564620
564625
564720
564740
564750
564790
564850
564920
564940
565330
565430
565480
565610
565620
565650
565710
565760
565770
565810
565860
566510
566520
566640
566710
566740
566810
566840
566910
567380
567390
567410
567450
567480
567510
567630
567680
567760
567770
567780
567860
567930
568380
568390
568560
568750
568850
568860
569150
569160
569420
569450
569460
569510
569540
569590
569640
569650
569660
569690
569750
569770
569790
569820
569830
569850
569860
569870
569880
569890
569940
569950
569990
570050
570060
570070
570140
570160
570230
570250
570260
570270
570340
570360
570460
570510
570630
570670
570680
570710
570720
570730
570770
570780
570830
570890
570910
570930
571020
571060
571270
571280
571300
571310
571340
571370
571430
571440
571500
571560
571730
571780
571810
571880
571890
571930
571970
572030
572060
572070
572080
572210
572320
572370
572380
572450
572510
572530
572550
572590
572650
572780
572790
572900
572970
572980
572990
573060
573070
573130
573210
573270
573280
573450
573470
573480
573550
573650
573670
573770
573780
573790
573850
573940
573980
573990
574050
574060
574110
574240
574260
574280
574320
574370
574450
574470
574480
574500
574510
574570
574580
574610
574620
574660
574720
574760
574770
574780
574830
574940
574941
575030
575040
575060
575150
575160
575220
575250
575270
575320
575370
575450
575540
575570
575620
575640
575690
575720
575730
575740
575760
575830
575840
575940
575970
575980
575990
576020
576040
576060
576070
576080
576140
576220
576230
576320
576330
576450
576460
576490
576530
576550
576590
576620
576630
576650
576660
576670
576690
576710
576720
576760
576770
576790
576820
576870
576930
576990
577060
577070
577080
577120
577130
577150
577160
577220
577230
577260
577310
577320
577380
577410
577450
577490
577530
577540
577590
577650
577660
577720
577730
577740
577760
577830
577920
577930
577990
578020
578030
578060
578070
578130
578160
578220
578230
578250
578310
578320
578340
578430
578450
578530
578660
578720
578820
578830
578910
578930
578960
578961
579010
579020
579060
579090
579110
579130
579160
579220
579230
579250
579270
579310
579320
579440
579470
579570
579580
579600
579620
579650
579660
579680
579720
579730
579820
579830
579920
579930
579931
579960
580050
580150
580270
580280
580400
580440
580570
580830
581020
581220
581340
581370
581380
581400
581410
581440
581500
581930
582020
582030
582070
582080
582110
582150
582210
582310
582340
582360
582370
582380
582390
582410
582440
582450
582500
582510
582520
582580
582590
582650
582660
582670
583140
583210
583211
583212
583213
583230
583240
583250
583260
583270
583280
583340
583380
583430
583450
583570
583580
583620
583670
583680
583780
584020
584030
584070
584080
584140
584240
584360
584370
584380
584450
584470
584510
584560
584570
584580
584610
584620
584640
584670
584720
584730
584740
584760
584770
584780
585020
585060
585170
585190
585210
585270
585280
585290
585310
585320
585370
585430
585490
585540
585560
585590
585620
585690
586060
586070
586080
586180
586210
586250
586260
586270
586310
586320
586330
586340
586460
586470
586480
586530
586540
586550
586580
586590
586600
586620
586650
586660
586670
586690
587130
587150
587210
587250
587260
587300
587310
587320
587340
587350
587360
587370
587450
587470
587490
587520
587530
587540
587640
587650
588110
588130
588150
588200
588210
588250
588260
588310
588340
588370
588380
588460
588470
588480
588490
588500
588520
588530
588540
588640
588930
589110
589180
589210
589260
589270
589280
589310
589320
589330
589340
589380
589410
589440
589450
589470
589650
589680
589690
589740
589840
590070
590080
590130
590210
590230
590370
590460
590580
590620
590650
590720
590750
590760
590770
590820
590830
590850
590860
590870
590920
590960
590970
591020
591090
591170
591240
591260
591270
591330
591340
591520
591580
591625
591630
592020
592030
592090
592110
592160
592170
592180
592240
592280
592340
592420
592430
592450
592540
592580
592590
592620
592650
592710
592730
592770
592780
592800
592830
592870
592871
592880
592930
592970
592980
593030
593090
593110
593160
593170
593210
593240
593260
593270
593450
593460
593530
593580
593620
594170
594270
594310
594320
594460
594530
594560
594620
594680
594720
594730
594770
594780
594880
594930
595010
595050
595500
595530
595540
595590
595600
595620
595670
596220
596260
596320
596330
596340
596440
596441
596460
596470
596480
596570
596580
596630
596640
596730
596830
597380
597450
597480
597520
597540
597550
597580
597920
598380
598450
598480
598490
598530
598550
598580
599380
599450
599480
599540
599550
599810
599850
599950
599970
749259
749321
749322
749323
749324
749325
749327
749329
749336
749337
749338
749339
749340
749341
749342
749344
749345
749346
749347
749348
749350
749351
43204
43205
44101
