690186
690206
693774
698704
800000
800010
800011
800020
800050
800070
800080
800090
800220
800280
800350
800360
800440
800480
800620
800630
800700
800740
800770
800810
800840
800880
800890
800910
800930
800940
800970
800990
801000
801005
801100
801103
801120
801140
801320
801390
801430
801440
801480
801481
801490
801540
801560
801580
801750
801753
801755
802030
802090
802100
802110
802130
802140
802190
802220
802222
802223
802225
802226
802227
802340
802410
802520
802590
803000
803080
803150
803180
803220
803360
803370
803390
803410
803420
803460
803540
803610
803700
803720
803850
803980
