131430
623000
623010
623030
623050
623060
623080
623090
623150
623180
623240
623250
623290
623300
623320
623330
623350
623360
623370
623380
623390
623430
623450
623480
623570
623600
623601
623630
623660
623661
623662
623663
623664
623665
623670
623680
623690
623710
623720
623730
623750
623780
623810
623860
623870
623890
623920
623930
623970
623980
624020
624030
624050
624080
624110
624140
624160
624170
624190
624200
624230
624250
624320
624350
624380
624400
624410
624440
624470
624490
624500
624520
624530
624540
624550
624560
624570
624580
624590
624600
624620
624630
624639
624640
624650
624655
624670
624760
