025970
027010
027020
027030
027040
027050
027060
027080
027100
027110
027130
027140
027150
027160
027170
027180
027190
027200
027210
027220
027230
027240
027250
027260
027270
027280
027290
027300
027310
027320
027330
027340
027350
027360
027370
027380
027390
027410
027430
027440
027450
027460
027470
027480
027500
027510
027520
027530
027540
027550
027560
027570
027580
027590
027600
027610
027620
027630
027640
027650
027660
027670
027680
027690
027700
027710
027720
027730
027770
027780
027800
027810
027830
027870
027880
027890
027900
027910
027930
027940
027950
027960
027970
027980
027990
028000
028010
028030
028040
028050
028060
028070
028075
028080
028110
028120
028130
028140
028150
028160
028170
028180
028190
028200
028210
028230
028234
028240
028250
028270
028280
028290
028300
028310
028320
028330
028340
028350
028360
028440
028450
028470
028480
028490
028500
028510
028520
028570
028580
028590
028600
028620
028630
028640
028650
028660
028670
028680
028690
028720
028730
028740
028744
028750
028760
028790
028800
028810
028820
028830
028880
028890
028900
028970
029010
029020
029030
029050
029060
029070
029100
029110
029120
029130
029135
029140
029150
029170
029190
029200
029210
029240
029244
029245
029260
029270
029280
029290
029310
029340
029350
029370
029390
029420
029430
029440
029450
029460
029470
029474
029480
029490
029500
029520
029530
029550
029560
029570
029580
029590
029600
029610
029630
029640
029650
029660
029670
029680
029700
029710
029720
029730
029740
029750
029760
029780
029790
029800
029810
029820
029830
029840
029851
029860
029870
029880
029890
029900
029910
029920
029930
029960
029980
