070020
070023
070030
070040
070050
070070
070090
070100
070130
070140
070150
070160
070170
070190
070200
070220
070240
070270
070280
070290
070310
070330
070340
070370
070380
070380
070390
070400
070440
070460
070530
070550
070570
070580
070590
070600
070610
070640
070700
070720
070740
070740
070743
070750
070850
070881
070891
070900
070910
070930
071000
071020
071030
071040
071060
071070
071080
071090
071100
071160
071165
071170
071180
071190
071200
071210
071230
071233
071250
071270
071300
071330
071340
071390
071400
071411
071430
071440
071450
071460
071465
071470
071480
071490
071500
071515
071530
071540
071550
071560
071570
071581
071604
071650
071653
071660
071670
071680
071690
071700
071704
071710
071720
071730
071790
071790
071800
071810
071813
071820
071825
071840
071860
071860
071900
071910
071950
071970
072000
072010
072030
072050
072070
072080
072100
072160
072170
072220
072230
072300
072350
072400
072450
072470
072490
072550
072553
072554
072570
072600
072650
072660
072700
072760
072795
072800
072830
072835
072880
072920
072950
072955
072960
072990
073000
073013
073060
073110
073140
073150
073151
073160
073170
073175
073300
073350
073540
073540
073600
073610
073625
073740
073790
073820
073850
073860
073865
073900
073901
073930
073940
073960
074000
074120
074200
074280
074300
074340
074380
074385
074420
074600
074690
074700
074710
074750
074760
074765
074770
074800
074810
074820
074840
074850
074860
074864
074870
074890
074900
074910
074920
074940
074949
074950
074960
074965
074970
074985
074990
075000
075020
075030
075100
075170
075173
075240
075280
075290
075293
075300
075350
075400
075490
075500
075520
075540
075550
075580
075600
075615
075630
075700
075770
075790
075795
075860
075864
075870
075880
075890
075900
075910
075920
075930
076000
076020
076030
076070
076100
076103
076210
076220
076230
076231
076233
076270
076280
076293
076300
076303
076304
076310
076320
076323
076350
076360
076380
076400
076410
076415
076430
076450
076460
076470
076480
076490
076500
076510
076520
076530
076560
076570
076580
076600
076610
076630
076660
076670
076700
076720
076750
076770
076780
076800
076810
076820
076840
076870
076880
076900
076950
077200
077370
077380
077385
077400
077420
077430
077440
077470
077490
077520
077530
077540
077560
077610
077650
077680
077700
077750
077800
077850
077880
077900
077910
077950
078230
078260
078270
078450
078760
079030
209210
619790
671990
749294
749503
749531
749532
749533
749535
990046
990048
995520
995530
995550
995560
995580
995590
995610
995620
995640
995650
995660
995670
995680
995690
995870
996080
996170
996290
997050
34048
34051
34052
34053
34061
34062
34065
34066
34067
34071
34072
