347310
348580
353948
371750
371770
371775
371780
371870
371890
371960
372090
372600
372670
372720
372780
372790
372860
372950
372980
373080
373090
373340
373710
373720
373750
373790
373800
373850
373860
373880
373900
373910
373930
373950
374030
374040
374090
374160
374170
374200
374290
374320
374370
374390
374480
374520
374810
374830
374840
374920
374980
375020
375030
375060
375070
375080
375130
375140
375150
375240
375250
375310
375330
375350
375370
375390
375410
375450
375490
375491
375530
375560
375630
375660
375690
375720
375770
376020
376030
376210
376320
376330
376510
377890
