090910
090930
091610
091620
091680
091700
091770
091800
091810
091840
091850
091930
092490
092610
092620
092640
092670
092700
092770
092790
092800
092810
092890
092910
093560
093590
093610
093650
093680
093790
093850
093890
093930
093950
093960
093980
094490
094530
094540
094550
094580
094600
094690
094740
094790
094800
094880
094900
094920
094930
094960
094990
095460
095480
095490
095510
095520
095540
095570
095580
095640
095650
095670
095690
095740
095750
095770
095780
095790
095820
095823
095910
095970
100001
100010
100020
100030
100031
100040
100050
100060
100065
100070
100080
100150
100155
100180
100195
100196
100200
100220
100260
100280
100330
100340
100350
100370
100380
100420
100430
100440
100450
100460
100465
100480
100550
100630
100670
100910
100930
100970
100974
101130
101200
101220
101225
101230
101240
101250
101260
101270
101280
101281
101286
101290
101300
101310
101330
101360
101390
101420
101430
101440
101445
101460
101470
101480
101490
101500
101510
101520
101560
101610
101620
101624
101630
101680
101690
101700
101720
101770
101780
101800
101810
101840
101850
101920
101930
101935
102000
102020
102030
102040
102050
102100
102150
102180
102240
102244
102340
102350
102380
102460
102490
102530
102610
102640
102670
102680
102700
102720
102730
102770
102800
102810
102820
102860
102890
102910
103040
103050
103060
103070
103080
103084
103090
103120
103130
103134
103140
103150
103170
103180
103193
103200
103210
103250
103280
103340
103350
103370
103380
103430
103480
103560
103590
103610
103620
103650
103680
103700
103760
103780
103790
103810
103820
103840
103850
103890
103930
103940
103950
103960
104000
104010
104020
104030
104040
104043
104050
104060
104100
104160
104180
104183
104190
104240
104260
104264
104270
104300
104310
104320
104330
104340
104350
104360
104370
104374
104380
104390
104400
104420
104440
104490
104520
104530
104540
104550
104580
104600
104660
104680
104690
104710
104740
104760
104800
104860
104880
104900
104920
104930
104960
104990
105000
105010
105020
105030
105040
105050
105060
105080
105090
105100
105130
105140
105150
105170
105180
105190
105260
105320
105325
105330
105350
105360
105420
105440
105445
105460
105480
105510
105520
105536
105540
105550
105570
105580
105640
105650
105670
105690
105740
105750
105770
105780
105790
105820
105910
105970
106070
106074
106090
106100
106130
106140
106145
106150
106156
106160
106161
106162
106163
106164
106170
106180
106190
106260
106265
106270
106280
106290
106320
106325
106330
106334
106335
106350
106370
106380
106390
106400
106405
106410
106420
106430
106450
106460
106480
106530
106550
106570
106580
106585
106590
106595
106596
106597
106598
106690
106710
106750
106755
106770
106840
106850
106860
106870
106874
106875
106880
107020
107040
107060
107080
107120
107140
107170
107220
107230
107240
107250
107270
107275
107280
107290
107295
107330
107340
107345
107350
107360
107370
107380
107390
107420
107430
107450
107520
107550
107610
107620
107630
107635
107640
107650
107655
107710
107715
107750
107760
107770
107880
107910
107960
108030
108050
108150
108180
108260
108270
108280
108320
108340
108350
108354
108360
108370
108380
108390
108450
108500
108520
108522
108523
108530
108560
108570
108580
108590
108600
108605
108620
108630
108640
108644
108645
108646
108650
108660
108670
108680
108690
108700
108710
108750
108930
108950
109000
109080
109120
109210
109290
109340
109350
109353
109460
109470
109480
109530
109540
109543
109610
109620
109630
109650
109710
109711
109800
109820
109973
119060
693664
749520
749538
34196
