040010
040011
040030
040040
040050
040060
040070
040100
040130
040131
040140
040170
040180
040230
040250
040260
040270
040300
040310
040340
040380
040400
040410
040420
040440
040450
040480
040500
040530
040550
040560
040580
040590
040620
040630
040640
040650
040655
040680
040710
040720
040730
040750
040770
040800
040810
040820
040831
040850
040860
040870
040890
040910
040920
040970
041010
041030
041040
041090
041150
041200
041230
041240
041260
041270
041300
041310
041370
041400
041450
041460
041490
041540
041560
041600
041620
041650
041660
041680
041700
041750
041760
041800
041830
041930
041950
041960
041970
749124
749125
749126
16201
91004
