749308
749402
749403
749404
749539
960010
960090
960110
960150
960330
960350
960390
960450
960550
960650
960730
960750
960870
960910
961090
961450
961470
961630
961635
961710
961790
961950
962070
962210
962215
962370
962490
962530
962730
962950
965050
965070
965090
965250
965290
965330
965350
965570
965590
965650
965810
965950
965970
966070
966150
966330
966334
966335
966336
966450
966510
966550
966850
966950
967370
967390
967410
967429
967430
967450
967470
967490
967495
967510
967530
967550
967730
967810
967815
967830
967910
967970
968010
968050
968370
968390
968450
968530
968570
968810
969250
969330
969350
969355
969370
969470
969730
969870
970080
970100
970140
970160
970280
970480
970720
970860
970960
971000
971140
971200
971260
971420
971460
971800
971820
971840
971920
971925
972200
972300
972400
972600
972700
972840
972900
973000
973100
973200
973300
973400
973720
973725
973780
973785
973800
973850
974040
974060
974080
974100
974280
974300
974500
974600
975000
975020
975300
975600
975700
975800
976000
976300
976820
976860
976900
976980
977000
977220
977240
977480
977600
977800
977900
977960
978100
978760
979000
979800
80309
