420100
420260
420270
420290
420300
420340
420420
420440
420450
420550
420560
420570
420590
420600
420620
420650
420710
420740
420770
420780
420790
420800
420801
420810
420830
420960
420970
420980
420990
421010
421030
421040
421050
421070
421080
421110
421120
421140
421160
421170
421210
421220
421230
421310
421350
421370
421390
421400
421430
421460
421470
421480
421510
421650
421700
421740
421760
421770
421780
421810
421820
421830
421870
421880
421890
421900
422200
422370
422420
422490
422550
422570
422580
422600
422610
422620
422650
422660
422700
422710
422730
422740
422820
422950
422960
422990
423050
423090
423110
423120
423140
423160
423280
423390
423430
423480
423490
423540
423580
423610
423640
423660
423670
423680
423690
423720
423740
423750
423790
423810
423820
423830
423870
423900
423910
423930
423950
423970
423980
423990
424030
424040
424060
424070
424080
424090
424100
424130
424140
424150
424160
424190
424200
424230
424350
424390
424410
424470
424500
424510
424520
424530
424560
424590
424600
424630
424670
424680
424690
424710
424730
424750
424790
424820
424830
424840
424880
424920
424980
424990
425000
425030
425060
425110
425120
425150
425160
425220
425230
425270
425390
425400
425420
425430
425460
425470
425520
425550
425570
425590
425620
425670
425700
425710
425740
425770
425870
425880
425910
425950
425990
426030
426180
426190
426200
426230
426310
426340
426380
426390
426409
426470
426510
426520
426540
426550
426610
426620
426650
426670
426690
426710
426720
426740
426750
426790
426930
426990
427000
427010
427030
427040
427050
427051
427052
427053
427055
427056
427060
427080
427090
427110
427140
427150
427240
427260
427270
427275
427290
427300
427310
427340
427370
427371
427400
427440
427470
427480
427510
427520
427540
427630
427670
427680
427700
427710
427760
427790
427820
427830
427900
427920
427950
427980
427990
428020
428030
428050
428070
428081
428090
428100
428110
428120
428300
428320
428340
428370
428380
428400
428410
428460
428490
428510
428550
428600
428660
428670
428710
428720
428740
428750
428760
428830
428840
428860
428910
428940
428950
429000
429010
429030
429090
429140
429150
429160
429200
429210
429250
429310
429330
429340
429350
429370
429390
429430
429460
429480
429530
429610
429630
429660
429690
429700
429710
429730
429760
429770
429980
430010
430030
430090
430110
430120
430130
430140
430170
430190
430210
430220
430250
430290
430410
430420
430490
430530
430570
430580
430610
430620
430630
430640
430690
430710
430760
430810
430830
430860
430870
430890
430930
430970
431050
431090
431100
431110
431130
431170
431210
431250
431280
431285
431300
431330
431360
431370
431470
431490
431500
431530
431570
431580
431600
431610
431680
431690
431770
431800
431810
431820
431840
431850
431870
431890
431920
431930
431940
431960
431970
431971
431980
432000
432010
432011
432050
432070
432120
432130
432200
432210
432250
432260
432270
432280
432290
432300
432330
432370
432410
432430
432450
432570
432580
432590
432600
432630
432640
432660
432710
432720
432750
432770
432780
432790
432830
432840
432850
432870
432890
432910
432950
432960
432990
433010
433020
433025
433030
433080
433090
433100
433110
433120
433140
433150
433160
433170
433180
433190
433200
433210
433220
433240
433250
433260
433270
433280
433290
433300
433310
433330
433340
433350
433360
433370
433390
433400
433410
433420
433430
433440
433450
433460
433470
433480
433490
433510
433520
433530
433540
433550
433560
433570
433580
433590
433600
433610
433630
433640
433670
433680
433690
433710
433720
433730
433740
433760
433770
433790
433820
433850
433950
435410
435420
749234
749235
749238
749239
749240
749241
749242
749243
749244
749246
749247
749249
749250
749251
749252
