472020
472025
472050
472070
472130
472140
472150
472160
472185
472310
472330
472390
472560
472590
472630
472660
472680
472720
472760
472900
472970
473020
473040
473070
473080
473120
473250
473460
473530
473620
474010
474020
474030
474040
474050
474060
474070
474090
474110
474120
474130
474150
474170
474180
474200
474210
474230
474240
474250
474260
474270
474280
474290
474300
474310
474320
474330
474340
474350
474400
474410
474415
474510
474520
474720
474740
474760
474770
474780
474790
474800
474810
474830
474870
474880
474890
474900
474905
475000
475120
475125
475150
475160
475170
475200
475420
475450
475490
475530
475570
475670
475690
475700
475720
475730
475730
475740
475750
475760
475770
475800
475800
475805
475810
475820
475830
475840
475850
475860
475870
475874
475880
475900
475910
475920
475930
475950
475954
475970
475980
475990
476000
476010
476020
476030
476040
476050
476060
476070
476100
476110
476120
476150
476160
476170
476180
476200
476220
476240
476260
476270
476280
476290
476310
476320
476340
476345
476350
476360
476370
476380
476390
476400
476410
476420
476420
476430
476435
476440
476460
476480
476490
476500
476510
476530
476540
476550
476560
476570
476580
476600
476610
476610
476620
476630
476650
476660
476680
476700
476710
476713
476720
476730
476740
476741
476742
476750
476760
476770
476780
476790
476790
476794
476800
476810
476820
476830
476840
476850
476860
476870
476880
476900
476920
476950
476960
476965
477000
477040
477050
477060
477070
477090
477150
477160
477210
477270
477300
477350
477370
477380
477390
477400
477410
477420
477430
477440
477460
477470
477473
477480
477490
477500
477505
477510
477530
477540
477550
477560
477590
477610
477620
477630
477640
477640
477641
477641
477650
477660
477665
477670
477680
477690
477700
477710
477720
477725
477730
477740
477760
477770
477780
477790
477800
477820
477830
477840
477860
477870
477880
477890
477895
477900
477910
477920
477930
477940
477990
477991
478000
478010
478030
478050
478060
478070
478080
478090
478100
478110
478110
478120
478123
478124
478125
478130
478140
478150
478160
478170
478180
478190
478210
478220
478230
478240
478250
478260
478270
478290
478300
478310
478320
478330
478340
478350
478360
478370
478380
478400
478420
478430
478440
478450
478460
478490
478500
478510
478520
478530
478540
478550
478560
478570
478580
478590
478600
478690
478700
478720
478724
478800
478810
478820
478830
478840
478850
478860
478870
478880
478900
478910
478920
478930
478940
478950
478960
478970
478980
478990
479070
479090
479100
479110
479120
479170
479180
479185
479186
479190
479210
479260
479270
479275
479276
479280
479290
479300
479310
479310
479330
479350
479360
479365
479370
479380
479385
479386
479400
479420
479425
479430
479440
479450
479455
479710
479710
479810
479910
479995
691464
695314
696044
696054
696064
749330
749331
749333
749334
749335
749390
749391
42204
42210
42216
42402
42501
42502
43309
43313
43316
43317
43318
43320
43321
43322
43323
43324
43325
