470660
470699
470700
470920
470970
470980
470990
471000
471010
471020
471025
471030
471033
471034
471040
471050
471060
471064
471065
471066
471069
471070
471074
471080
471084
471085
471086
471087
471094
471100
471105
471110
471115
471116
471120
471125
471130
471131
471140
471150
471160
471165
471170
471180
471190
471200
471204
471205
471207
471210
471220
471223
471240
471243
471250
471260
471263
471270
471270
471275
471280
471285
471290
471300
471310
471315
471320
471330
471340
471349
471350
471360
471370
471380
471385
471390
471395
471400
471405
471410
471410
471420
471425
471430
471440
471450
471460
471470
471475
471476
471480
471500
471510
471511
471520
471530
471540
471540
471550
471560
471570
471571
471580
471590
471600
471610
471610
471620
471630
471650
471660
471670
471680
471690
471700
471710
471720
471730
471740
471750
471790
471820
471840
471850
471850
471870
471880
471890
471910
471920
471933
471963
471990
471999
690100
691404
692074
692084
692094
692114
692134
692154
692164
692174
692184
692194
692214
692224
692234
692244
693404
693414
693524
693534
693564
693584
693594
693604
693614
693624
693634
749352
749355
749356
749357
749358
749359
749360
749361
749362
749363
749365
749366
749367
749370
749371
749372
749373
749375
749376
749378
749379
749380
749383
749385
749386
749388
43213
43214
43220
43238
43240
43263
43270
43273
