277850
286760
286790
286870
286880
287560
287640
287660
287670
287750
287850
287860
288430
288540
288630
288670
288730
288770
288790
288840
288860
289480
289520
289570
289660
289670
289760
289780
289840
289860
289930
298020
298070
299060
343850
343940
343980
344730
344990
345810
345880
346910
347980
350420
350450
350530
350670
350675
350780
350830
350850
350920
351060
351070
351080
351170
351180
351480
351560
351570
351630
351660
351670
351730
351880
351910
351920
352150
352170
352250
352290
352340
352350
352570
352590
352740
352830
352840
352860
352870
353020
353120
353150
353210
353250
353310
353340
353350
353440
353450
353570
353580
353610
353630
353680
353760
353860
353940
354040
354060
354160
354260
354300
354360
354370
354490
354590
354670
354750
354780
354970
354980
355050
355140
355190
355220
355290
355320
355350
355420
355490
355630
355760
355820
356020
356050
356150
356330
356350
356560
356620
356630
356710
356830
356870
356990
357000
357010
357040
357050
357060
357070
357150
357210
357290
357390
357420
357460
357490
357560
357770
357910
357930
357960
358160
358220
358470
358490
358660
358830
358840
358850
358890
358950
359070
359250
359270
359410
359420
359530
359690
359860
359970
359980
360010
360030
360120
360150
360260
360270
360380
361260
361520
361770
361860
361870
361970
362080
363350
363410
363580
363920
363940
363970
363980
364030
364100
364180
364210
364280
364390
364420
364670
364870
364980
365010
365130
365350
365460
365630
365690
366190
366220
366390
366430
366610
366650
366770
366860
367140
367230
367290
367360
367440
367610
367700
367730
367770
367780
367850
367860
367960
368030
368060
368170
368190
368210
368215
368290
368310
368370
368390
368430
368460
368560
368590
368640
368700
368710
368720
368740
368770
368810
368830
368850
368890
368910
368940
368970
369050
369530
380010
380020
380080
380190
380440
380490
380510
380610
380620
380690
380810
380820
380910
380920
380990
381080
381110
381170
381240
381411
381620
381910
381960
381980
382010
382020
382070
382150
382220
382230
382290
382310
382320
383010
383130
383160
383170
383180
383280
383285
383340
383380
383410
383420
383430
384230
384390
384440
384490
384520
384540
