062000
062010
062030
062040
062050
062060
062070
062080
062090
062100
062110
062120
062200
062250
062290
062300
062350
062390
062400
062410
062420
062440
062470
062480
062490
062500
062510
062520
062530
062540
062550
062570
062580
062600
062650
062670
062680
062690
062691
062692
062693
062694
062695
062696
062697
062700
062710
062720
062730
062750
062770
062780
062790
062800
062830
062850
062860
062900
063000
063080
063100
063110
063120
063130
063150
063160
063190
063200
063210
063230
063240
063250
063300
063310
063400
063401
063430
063440
063480
063500
063560
063700
063750
063770
063790
063800
063850
063910
996660
996670
996680
996690
996700
996710
996800
996910
