010000
010010
010013
010014
010015
010016
010017
010020
010030
010040
010060
010100
010140
010150
010160
010190
010230
010231
010240
010250
010260
010270
010280
010300
010303
010320
010330
010340
010350
010360
010370
010400
010410
010420
010430
010435
010440
010450
010460
010470
010490
010510
010520
010530
010550
010570
010580
010590
010610
010617
010620
010630
010650
010660
010670
010671
010680
010740
010750
010760
010780
010820
010830
010840
010850
010860
010875
010876
010877
010878
010879
010880
010881
010882
010883
010884
010885
010886
010887
010890
010920
010970
010980
010990
011010
011020
011025
011030
011040
011050
011051
011060
011070
011080
011090
011100
011110
011120
011130
011133
011140
011150
011160
011170
011210
011220
011240
011310
011320
011330
011340
011350
011370
011380
011390
011410
011430
011440
011450
011460
011470
011480
011490
011500
011501
011510
011520
011530
011540
011550
011560
011580
011600
011610
011620
011630
011650
011670
011680
011690
011691
011700
011720
011751
011760
011800
011820
011830
011840
011841
011890
011910
011920
011930
011940
011960
011980
011990
012030
012050
012070
012090
012091
012100
012120
012140
012150
012160
012161
012170
012180
012200
012210
012230
012240
012250
012270
012273
012280
012300
012310
012320
012330
012340
012350
012360
012370
012380
012390
012400
012410
012420
012430
012450
012480
012500
012520
012530
012540
012570
012580
012590
012620
012650
012700
012710
012720
012730
012740
012770
012771
012780
012800
012810
012820
012823
012870
012880
012890
012891
012900
012910
012920
012930
012950
012960
012980
013000
013040
013060
013070
013080
013090
013100
013110
013140
013150
013160
013170
013180
013190
013200
013210
013220
013230
013250
013260
013270
013280
013290
013300
013320
013340
013360
013370
013380
013390
013400
013410
013420
013440
013450
013460
013470
013471
013500
013510
013520
013550
013570
013580
013590
013591
013600
013610
013620
013640
013650
013660
013670
013671
013680
013690
013700
013710
013720
013730
013740
013743
013750
013755
013760
013780
013790
013800
013801
013810
013820
013830
013839
013840
013850
013860
013870
013890
013910
013920
013930
013970
014000
014010
014030
014033
014035
014060
014080
014090
014110
014120
014130
014140
014150
014160
014170
014180
014190
014211
014220
014230
014240
014250
014260
014270
014280
014281
014300
014310
014320
014321
014330
014340
014350
014360
014390
014400
014410
014420
014440
014450
014460
014470
014480
014490
014500
014520
014530
014550
014590
014600
014611
014620
014630
014640
014650
014660
014670
014680
014690
014700
014703
014710
014730
014740
014750
014760
014770
014780
014800
014810
014820
014825
014830
014840
014843
014850
014860
014870
014880
014881
014890
014900
014920
014930
014940
014950
014960
014970
014980
014983
014990
014993
015000
692254
