930030
930040
930110
930120
930230
930250
930640
930690
930750
931100
931120
931150
931190
931290
931360
931670
931840
931850
931860
931960
931980
931990
932450
932460
932910
932920
933050
933080
933090
933210
933340
933360
933370
933390
933720
933730
933740
934010
934040
934170
934200
934310
934340
934360
934360
934390
934710
934980
935150
935160
935260
935270
935450
935460
935570
935610
935730
935740
935770
935970
935980
936140
936150
936580
936780
937080
937090
937130
937510
937550
937610
937720
937730
937750
937800
937810
937830
937960
938000
938050
938060
938310
938400
938440
938450
938630
938870
938910
938960
939090
939290
939440
939450
939470
939840
939850
939860
939870
939940
939970
