415040
415050
415060
415070
415080
415090
415100
415150
415160
415170
415180
415190
415195
415200
415205
415215
415225
415230
415235
415240
415245
415250
415260
415280
415290
415300
415310
415320
415330
415350
415360
415600
415620
415640
415650
415690
415710
415720
415730
415740
415760
415770
415840
415900
415920
415925
415930
415940
415970
415980
415990
416000
416200
416240
416300
416360
416380
416400
416410
416460
416520
416600
416610
416620
416711
416720
416750
416780
416850
416960
416970
417000
417010
417100
417120
417150
417160
417180
417250
417380
417390
417420
417430
417440
417460
417470
417480
417490
417560
417570
417590
417600
417640
417650
417680
417690
417800
417810
417820
417850
691596
692874
