120010
121000
121010
121020
121030
121050
121051
121052
121053
121054
121055
121056
121060
121070
121080
121110
121120
121140
121150
121160
121163
121170
121180
121190
121195
121200
121220
121230
121240
121250
121270
121280
121290
121310
121320
121330
121350
121360
121370
121380
121390
121400
121420
121430
121450
121460
121465
121470
121480
121490
121500
121530
121540
121550
121560
121580
121600
121610
121630
121850
121860
121950
121960
122000
122010
122030
122050
122060
122070
122080
122100
122110
122120
122140
122150
122220
122250
122260
122300
122310
122350
122360
122370
122380
122400
122440
122500
122620
122690
122700
122720
122730
122800
122810
122830
122850
122950
122990
123000
123100
123110
123120
123150
123180
123250
123260
123290
123300
123310
123320
123330
123360
123420
123450
123540
123590
123600
123610
123630
123720
123740
123750
123760
123764
123765
123766
123767
123810
123850
123950
123960
123990
124000
124010
124020
124030
124040
124050
124060
124110
124140
124150
124160
124170
124180
124190
124230
124240
124250
124260
124280
124290
124300
124350
124440
124470
124520
124540
124550
124640
124650
124660
124690
124710
124760
124850
124860
124880
124900
124950
124970
125000
125010
125100
125110
125180
125190
125200
125210
125220
125230
125240
125250
125260
125270
125280
125290
125300
125310
125320
125330
125390
125400
125500
125550
125560
125600
125650
125660
125680
125690
125700
125750
125760
125770
125800
125830
125850
125950
125960
125990
126000
126010
126070
126250
126500
126600
126650
126700
126760
126800
126899
126900
126914
126915
126926
126950
126980
