200260
200340
200460
200470
200490
200660
200690
200850
200870
200970
201070
201460
201860
201990
202740
202770
202890
202910
202920
202940
203530
203570
203860
203880
203890
203930
204710
204760
204810
205780
205940
206470
206490
206650
206670
206740
206750
206790
206960
207440
207560
207640
207660
208560
208620
208640
208710
208910
209400
209430
209460
209630
209640
209670
209700
209730
209780
209820
210060
210080
210100
213010
213530
213580
214050
214320
214350
215020
215040
215350
215370
215410
215430
216080
216110
216130
216270
216360
216470
217010
217110
217120
217150
217210
217270
217280
217290
217330
217390
217480
217490
218020
218130
218200
218210
218230
218240
218241
218250
218260
218340
218350
218490
218530
219080
219210
219230
219310
219320
219370
219460
219550
219650
219780
219790
219800
219820
219830
220030
220040
220060
220070
220090
220120
220140
220180
220190
220200
220280
220370
220950
221000
221010
221050
221060
221120
221130
221140
221190
221230
221260
221270
221330
221400
221440
221450
221490
221650
221930
222040
222050
222120
222130
222140
222160
222170
222190
222270
222320
222350
222490
222590
222690
222710
222820
222920
223010
223020
223050
223080
223120
223180
223240
223330
223340
223390
223490
223550
223610
223650
223750
223760
223830
224030
224080
224130
224160
224180
224220
224290
224380
224460
224520
224560
224710
224810
224990
225110
225180
225200
225220
225250
225260
225290
225350
225410
225460
225480
225500
225510
225550
225590
225630
225730
225830
226020
226190
226210
226220
226380
226410
226480
226510
226560
226570
226710
226760
226860
226950
227070
227100
227120
227170
227210
227230
227250
227270
227380
227490
227620
227680
227780
227810
227840
227930
227980
228020
228050
228060
228070
228090
228140
228160
228170
228200
228230
228240
228260
228290
228300
228310
228330
228350
228370
228450
228540
228670
228690
228760
228830
228860
228870
228890
228910
228920
228940
228960
229050
229060
229070
229080
229120
229130
229140
229150
229170
229250
229320
229390
229440
229510
229540
229740
229810
229830
229880
229960
230200
230210
230220
230240
230290
230320
230580
230660
230740
230770
230780
231030
231040
231050
231090
231120
231140
231210
231460
231740
231790
232050
232070
232140
232150
232190
232200
232201
232202
232203
232204
232205
232210
232215
232260
232420
232560
232740
233050
233110
233160
233220
233240
233300
233310
233320
233330
233380
233390
233410
233450
233580
233630
233650
233680
233750
233760
233830
234050
234110
234120
234160
234180
234230
234260
234310
234430
234450
234530
234630
234650
234710
234720
234750
234840
234990
235010
235030
235040
235090
235140
235160
235180
235190
235270
235310
235410
235520
235580
235780
235850
235890
235920
236040
236060
236080
236090
236110
236120
236250
236280
236290
236310
236320
236350
236440
236560
236570
236620
236660
236780
236910
236990
237010
237040
237070
237080
237090
237110
237140
237230
237240
237290
237340
237370
237410
237450
237480
237580
237740
237760
237880
237890
238030
238040
238045
238060
238070
238080
238120
238130
238140
238150
238170
238200
238230
238270
238290
238380
238410
238430
238470
238480
238490
238520
238590
238620
238670
238830
238840
238910
239040
239050
239070
239090
239120
239130
239140
239150
239160
239190
239210
239230
239250
239270
239290
239330
239331
239390
239460
239470
239530
239550
239660
239730
239750
239820
239860
239870
239920
240510
240520
240650
240710
240760
240950
241050
241250
241360
241430
241520
241660
241940
241970
242190
242310
242430
242570
242610
242630
242660
242750
243220
243290
243380
243430
243610
243710
243820
243960
244210
244490
244620
244770
244880
245070
245250
245380
245440
245570
245590
245610
245670
245840
245850
245880
245890
245980
246060
246290
246390
246410
246430
246440
246520
246560
246610
246680
246710
246780
246790
246840
246880
246910
246980
247130
247180
247240
247250
247260
247300
247370
247380
247390
247530
247580
247610
247630
247660
247680
247710
247840
247900
247960
247990
248020
248070
248130
248170
248260
248430
248560
248580
248590
248710
248780
248910
248940
248980
248990
249080
249180
249230
249280
249330
249340
249440
249460
249510
249520
249550
249590
249620
249660
249670
249750
249820
249880
249940
249950
250020
250170
250260
250340
250420
250440
250510
250520
250530
250550
250560
250620
250770
251210
251230
251290
251380
251470
251500
251510
251730
251870
252060
252410
252480
252730
252820
252860
253250
253350
253560
253720
253780
253790
253920
253990
254000
254280
254340
254480
254490
254560
254690
254930
254960
255030
255260
255380
255510
255520
255610
255630
255680
255940
255950
256030
256080
256110
256210
256270
256480
256560
256770
257000
257010
257030
257050
257070
257150
257190
257440
257450
257670
257770
258020
258080
258160
258200
258210
258220
258580
259020
259040
259070
259100
259110
259120
259130
259140
259150
259160
259170
259180
259190
259220
259270
259320
259410
259540
259550
259560
259640
260590
260600
260630
260635
260636
260640
260660
260670
260680
260690
260720
260780
260800
260810
260870
260920
260940
260990
261570
261590
261610
261670
261680
261790
261840
261880
261960
262580
262640
262680
262750
262830
262850
262890
262910
262980
263500
263550
263590
263780
263810
263890
263930
263980
264560
264590
264620
264770
264780
264790
264870
264980
264990
265100
265110
265120
265750
265780
265850
265950
266070
266140
266730
266810
266930
266940
266950
266960
266970
266980
266990
267010
267020
267040
267050
267060
267110
267840
267950
268820
268940
268980
269760
269860
269870
269970
270020
270030
270080
270200
270210
270260
270370
270440
270510
270660
270710
270830
270950
270970
271060
271080
271130
271430
271640
271740
271760
271850
271960
271990
272080
272120
272150
272170
272230
272250
272255
272420
272520
272590
272710
272770
272810
272830
272960
273050
273160
273210
273290
273310
273330
273460
273470
273490
273550
273690
273700
273730
273910
273930
274010
274015
274020
274120
274170
274190
274280
274530
274550
274590
274620
274790
274800
274850
274910
274980
275020
275070
275090
275110
275155
275185
275195
275230
275243
275280
275320
275390
275490
275530
275550
275630
275740
275770
275810
275870
275930
275950
276040
276060
276070
276110
276120
276180
276230
276250
276270
276430
276480
276530
276650
276750
276790
276830
276930
276970
277030
277070
277190
277290
277300
277310
277360
277450
277520
277560
277580
277600
277620
277760
277820
277860
277870
277990
278150
278170
278210
278230
278240
278350
278480
278530
278570
278580
278610
278720
278880
278900
278940
279060
279210
279280
279300
279350
279470
279550
279570
279620
279621
279622
279720
279730
279810
279830
279870
279950
279980
280070
280090
280130
280160
280260
280280
280330
280350
280360
280380
280440
280490
280640
280660
280760
280870
280970
280980
281140
281160
281280
281310
281340
281350
281380
281430
281440
281550
281580
281650
281720
282120
282130
282140
282160
282240
282250
282330
282340
282380
282400
282440
282480
282550
282570
282640
282750
282780
283020
283070
283090
283120
283190
283210
283240
283260
283330
283340
283390
283440
283450
283460
283510
283520
283590
283620
283660
283670
283820
283830
283960
284020
284040
284090
284110
284130
284180
284190
284210
284230
284260
284280
284290
284300
284320
284330
284340
284370
284380
284400
284430
284440
284450
284480
284490
284510
284550
284560
284570
284650
284690
284780
284810
284910
284930
284935
284980
285020
285060
285170
285220
285260
285330
285350
285370
285410
285450
285460
285480
285490
285520
285610
285660
285730
285740
285810
285860
285870
285880
285930
285980
286010
286110
286120
286130
286150
286210
286220
286240
286250
286290
286300
286330
286360
286370
286390
286420
286450
286470
286550
286590
286610
286620
286630
286660
286680
286730
286740
286750
286960
286980
287040
287050
287100
287110
287120
287130
287190
287220
287260
287300
287360
287410
287450
287470
287480
287520
287540
287550
287854
287910
287970
287980
287990
288010
288020
288060
288070
288080
288150
288230
288250
288270
288290
288310
288330
288360
288380
288440
288950
289000
289010
289060
289080
289090
289120
289160
289250
289270
289380
289390
289410
290160
290230
290370
290590
290680
290750
291030
291110
291220
291280
291490
291980
292020
292030
292090
292240
292310
292330
292410
292470
292530
292630
292650
292740
292760
292820
292890
293130
293280
293320
293350
293480
293540
293550
293560
293630
293650
293670
293740
293760
293790
293820
293930
294010
294050
294070
294180
294300
294330
294560
294640
294670
294710
294770
294810
294830
294850
294980
295240
295320
295340
295390
295400
295410
295420
295480
295510
295520
295530
295570
295580
295590
295610
295620
295630
295660
295670
295700
295710
295720
295740
295750
295760
295780
295800
295810
295830
295870
295900
295940
295980
296020
296050
296120
296130
296220
296250
296260
296300
296310
296320
296340
296360
296380
296390
296420
296450
296490
296530
296540
296580
296620
296630
296640
296650
296750
296760
296980
297010
297020
297060
297120
297160
297220
297240
297260
297350
297360
297420
297450
297490
297520
297560
297590
297620
297660
297680
297710
297720
297890
297940
298130
298140
298160
298220
298270
298320
298360
298370
298380
298430
298460
298480
298490
298540
298550
298560
298580
298620
298640
298650
298660
298690
298700
298710
298740
298760
298890
298920
298940
299150
299230
299250
299370
299390
299460
299550
299560
299620
299630
299730
299740
299980
299990
300140
300280
300370
300540
300740
300890
301020
301170
301270
301360
301380
301390
301420
301510
301570
301650
301730
301770
301980
302170
302190
302290
302300
302460
302520
302530
302550
302630
303070
303090
303120
303170
303200
303210
303230
303280
303370
303560
303640
303700
303720
303740
303790
303850
303930
304050
304060
304120
304130
304240
304300
304320
304330
304340
304360
304370
304380
304390
304550
304570
304610
304690
304710
304730
304840
304930
304970
304980
304990
305040
305070
305130
305140
305210
305260
305360
305370
305420
305440
305450
305470
305490
305500
305510
305520
305540
305550
305650
305670
305760
305790
305850
305970
305980
305990
306030
306040
306050
306060
306120
306170
306180
306200
306220
306270
306320
306350
306360
306370
306380
306390
306490
306500
306510
306550
306570
306580
306640
306670
306690
306730
306750
306760
306790
306820
306830
306860
306880
306920
306930
306950
307000
307020
307030
307080
307100
307110
307120
307130
307140
307150
307180
307190
307250
307260
307270
307290
307300
307310
307330
307380
307390
307410
307450
307500
307510
307570
307580
307640
307650
307660
307670
307680
307720
307770
307810
307910
308020
308030
308060
308110
308120
308130
308140
308150
308180
308220
308230
308240
308290
308330
308370
308380
308410
308430
308440
308450
308460
308490
308510
308530
308560
308580
308590
308600
308620
308630
308660
308740
308750
308790
309110
309150
309160
309240
309250
309340
309350
309380
309400
309410
309420
309440
309470
309480
309490
309530
309540
309560
309570
309580
309610
309620
309640
309650
309670
309680
309690
309710
309720
309750
309760
309780
310040
310050
310070
310110
310160
310260
310410
310540
310620
310670
310830
310860
310870
310880
310920
310930
310960
310970
311020
311120
311130
311230
311250
311320
311370
311520
311580
311630
311680
311730
311740
311830
311870
311990
312350
312530
312570
312630
312650
312850
312860
312880
312950
312990
313000
313060
313110
313180
313250
313289
313290
313310
313380
313460
313480
313610
313620
313640
313660
313690
313710
313720
313730
313770
313840
313880
313920
313940
313970
314160
314180
314190
314210
314230
314320
314330
314360
314370
314390
314410
314420
314430
314440
314450
314590
314690
314740
314750
314780
314820
314840
314890
314920
314970
315020
315040
315090
315100
315110
315120
315130
315210
315270
315280
315320
315340
315380
315410
315450
315480
315500
315520
315610
315620
315660
315730
315770
315790
315830
315860
315870
315880
315930
315940
316180
316240
316320
316360
316380
316470
316510
316530
316550
316610
316770
316830
316890
317020
317030
317040
317050
317070
317100
317130
317230
317250
317270
317330
317350
317360
317490
317540
317660
317670
317700
317760
317860
317880
317900
317910
317920
317980
318010
318020
318150
318230
318250
318290
318320
318450
318480
318510
318560
318590
318660
318680
318690
318730
318750
318780
318830
318840
318950
319020
319060
319090
319110
319130
319150
319160
319170
319210
319240
319260
319310
319350
319380
319390
319420
319430
319460
319530
319580
319590
319600
319610
319630
319650
319660
319670
319690
319700
319710
319720
319740
319741
319750
319760
319770
319780
319810
319811
319850
319870
319890
319930
319940
319950
319960
319970
319990
320040
320050
320100
320110
320120
320130
320140
320210
320270
320360
320430
320450
320530
320570
320590
320610
320690
320710
320760
320770
320850
320880
320910
320930
320960
320980
320990
321050
321160
321180
321210
321240
321280
321310
321330
321360
321450
321480
321490
321500
321520
321530
321560
321580
321650
321660
321680
321740
321860
321950
322050
322070
322110
322120
322130
322150
322170
322210
322220
322270
322460
322520
322850
322870
322930
323310
323330
323630
323790
323890
324080
324090
324110
324470
324770
324960
324970
325090
325110
325190
325240
325320
325380
325390
325400
325470
325480
325590
325620
325640
325690
325710
325800
325830
325860
325890
325930
325940
325960
326110
326180
326230
330420
339090
340030
340090
340130
340270
340360
340470
340490
340560
340630
340690
340720
340830
340840
340850
340980
341090
341100
341160
341220
341230
341390
341460
341520
341630
341640
341680
341710
341720
341860
341990
342020
342130
342140
342310
342330
342380
342400
342470
342530
342540
342620
342670
342710
342730
342890
343210
343310
343360
343440
343480
343510
343560
343570
343580
343630
343680
343730
343910
344320
344380
344450
344610
344760
345350
345390
345450
345550
345590
345600
345710
345780
345790
346250
346350
346440
346460
346550
346620
346870
346990
347190
347200
347230
347250
347270
347300
347330
347350
347370
347400
347430
347470
347480
347530
347590
347720
347850
348130
348240
348250
348380
348450
348610
348660
348680
348710
348720
348770
348780
348800
348870
348940
348960
349150
349170
349220
349240
349270
349290
349360
349370
349490
349540
349580
349640
349750
349760
349820
349840
349890
350010
350070
350110
350150
350190
350210
350260
350370
350390
350410
351020
351120
351210
351250
351260
351270
351320
351330
351380
352130
352330
353941
353942
353943
353944
353947
360200
360210
360220
360280
360320
360340
360360
360450
360460
360520
360580
360610
360640
360730
360780
360830
360870
360900
360910
360920
360960
360970
361030
361040
361780
362130
362290
362310
362370
362460
362490
362590
362780
363070
363250
364430
364530
364570
368790
368800
370000
370008
370010
370040
370060
370090
370130
370140
370170
370180
370210
370260
370310
370360
370440
370450
370470
370500
370540
370580
370610
370660
370750
370790
370820
370850
370890
370990
371070
371160
371260
371440
371450
371630
371690
371710
371930
372120
372180
372280
372350
372440
372480
373160
373670
374610
374630
374700
374710
374720
374730
374750
374960
374970
375970
376630
377351
377352
378650
382030
384010
384020
384970
386880
387480
44301
