681550
681560
681590
681620
681630
681710
681715
681740
681760
681780
681800
681810
681820
681830
681840
681844
681850
681860
681863
681880
681900
681903
681910
681920
681940
681960
682390
682410
682413
682420
682425
682430
682500
682513
682520
682530
682550
682570
682580
682610
682620
682623
682630
682635
682640
682643
682645
682650
682670
682671
682672
682673
682674
682677
682678
682680
682690
682710
682720
682730
682760
682770
682850
682860
682870
682880
682883
682884
682890
682900
682903
682904
682905
682910
682920
682950
682960
682965
682970
682974
683007
683210
683220
683290
683300
683304
683310
683320
683330
683350
683354
683380
683410
683420
683430
683440
683450
683460
683463
683465
683470
683490
683500
683510
683520
683530
683550
683610
683620
683630
683670
683680
683685
683690
683700
683710
683720
683750
683770
683780
683783
683784
683800
683801
683850
683870
683880
683970
684000
684030
684060
684080
684110
684150
684160
684240
684250
684290
684300
684380
684381
684420
684430
684470
684490
684610
684620
684710
684740
684750
684760
684780
684790
684810
684850
684870
684880
684910
684930
684940
684950
684960
684963
684970
684980
685120
685121
685130
685140
685230
685240
685270
685280
685300
685360
685380
685410
685420
685430
685450
685460
685490
685500
685580
685630
685640
685700
685720
685740
685750
685770
685790
685800
685810
685820
685830
685840
685845
685850
685870
685880
685890
685900
685910
685920
685930
686130
686140
686160
686180
686190
686240
686300
686330
686380
686460
686470
686480
686490
686510
686680
686740
686770
687120
687130
687140
687150
687170
687180
687190
687220
687230
687270
687280
687285
687360
687370
687380
687420
687440
687470
687520
687523
687540
687680
688110
688130
688140
688150
688160
688170
688180
688183
688190
688210
688230
688250
688260
688270
688280
688320
688330
688350
688370
688390
688400
688410
688420
688430
688450
688470
688490
688580
689110
689120
689140
689150
689160
689180
689200
689203
689210
689230
689250
689260
689263
689270
689280
689290
689310
689330
689350
689380
689390
689940
689945
689990
689993
