080010
080020
080030
080050
080070
080080
080110
080140
080141
080142
080143
080144
080150
080190
080210
080230
080250
080270
080290
080420
080430
080440
080450
080460
080480
080530
080550
080710
080750
080760
080800
080810
080830
080840
080850
080860
080870
080910
080940
080960
081120
081170
081300
081400
081410
081480
081570
081600
081605
081606
081610
081620
081710
081750
081760
081763
081800
081810
081820
081830
081840
081860
082010
082020
082100
082130
082150
082190
082200
082204
082210
082211
082220
082230
082240
082260
082270
082310
082320
082330
082350
082380
082610
082620
082720
082800
082820
082840
082850
082860
082900
083010
083030
083060
083070
083140
083300
083350
083480
083550
083590
083600
083610
083620
083650
083730
083830
083840
083900
083905
083910
083970
084100
084170
084190
084200
084290
084300
084310
084330
084490
084510
084515
084520
084530
084580
084750
084820
084840
084870
084880
084890
084900
089120
089140
089170
089200
089220
089480
089600
600010
600050
600070
600100
600150
600180
600200
600250
600280
600300
600310
600350
600400
603200
603380
696694
