020001
020120
020130
020180
020190
020200
020220
020230
020240
020260
020290
020310
020320
020360
020380
020430
020440
020450
020480
020490
020500
020520
020530
020540
020550
020570
020580
020590
020600
020620
020630
020640
020650
020660
020670
020680
020690
020700
020710
020711
020720
020730
020740
020750
020760
020770
020790
020800
020810
020820
020830
020840
020850
020860
020870
020880
020890
020900
020910
020920
020930
020940
020950
020960
020980
020990
021000
021010
021020
021030
021040
021050
021060
021080
021090
021100
021110
021120
021140
021150
021160
021170
021180
021190
021200
021205
021210
021220
021230
021240
021250
021260
021270
021280
021290
021300
021310
021330
021350
021360
021380
021410
021420
021430
021440
021450
021460
021470
021480
021490
021500
021510
021520
021540
021550
021560
021580
021590
021600
021610
021620
021630
021640
021660
021670
021690
021700
021710
021720
021730
021740
021760
021810
021820
021830
021840
021850
021860
021880
021900
021910
021960
021970
021990
022000
022020
022040
022060
022070
022090
022100
022150
022160
022170
022180
022190
022210
022220
022230
022240
022260
022271
022280
022290
022300
022310
022320
022330
022340
022360
022420
022430
022440
022450
022455
022470
022480
022510
022520
022540
022550
022560
022570
022580
022590
022600
022610
022620
022630
022640
022650
022660
022670
022690
022700
022710
022740
022760
022780
022790
022800
022810
022820
022830
022840
022860
022861
022870
022880
022890
022900
022920
022930
022960
022970
022980
023000
023020
023030
023040
023050
023060
023070
023080
023100
023110
023120
023130
023140
023160
023170
023180
023190
023210
023230
023240
023250
023260
023270
023280
023290
023300
023310
023330
023340
023360
023370
023380
023420
023430
023460
023470
023490
023540
023550
023600
023610
023640
023650
023660
023670
023680
023700
023710
023750
023760
023780
023810
023820
023980
024000
024020
024030
024040
024060
024070
024080
024090
024100
024110
024120
024130
024150
024161
024170
024180
024190
024200
024220
024230
024240
024260
024280
024283
024284
024285
024290
024300
024310
024320
024330
024350
024360
024373
024390
024400
024410
024430
024440
024460
024480
024490
024500
024510
024520
024530
024540
024560
024580
024600
024620
024640
024650
024680
024690
024700
024710
024720
024730
024740
024760
024800
024810
024820
024830
024840
024850
024853
024860
024870
024880
024890
024900
024930
024940
024950
024960
024980
024990
025000
025010
025020
025040
025050
025070
025080
025100
025103
025105
025110
025120
025130
025140
025150
025160
025170
025180
025190
025200
025210
025230
025240
025260
025270
025280
025290
025300
025330
025350
025360
025380
025390
025400
025410
025420
025430
025440
025450
025460
025480
025490
025500
025520
025530
025531
025540
025550
025560
025570
025580
025590
025600
025610
025620
025625
025630
025635
025640
025650
025660
025670
025680
025700
025710
025720
025740
025750
025760
025800
025810
025820
025830
025840
025860
025870
025880
025890
025900
025910
025920
025940
025950
025960
025980
025990
026000
026020
026030
026040
026050
026060
026070
026090
026100
026110
026140
026150
026151
026160
026170
026180
026200
026220
026230
026240
026250
026260
026270
026280
026290
026300
026320
026350
026360
026380
026390
026400
026410
026440
026460
026480
026500
026510
026520
026531
026540
026560
026610
026640
026660
026670
026700
026720
026760
026790
026800
026810
026850
