020510
020560
020970
066000
066010
066020
066040
066045
066050
066060
066080
066090
066099
066100
066110
066120
066130
066140
066160
066170
066180
066190
066200
066210
066230
066240
066250
066260
066270
066280
066300
066303
066304
066310
066320
066330
066350
066360
066370
066380
066390
066400
066410
066430
066440
066450
066460
066470
066480
066490
066500
066510
066520
066540
066550
066560
066570
066580
066590
066600
066621
066640
066660
066690
066700
066710
066720
066730
066740
066750
066760
066770
066780
066790
066800
066810
066811
066820
066830
066840
066850
066860
066870
066880
066890
066900
066930
066950
067000
067010
067020
067030
067040
067050
067060
067070
067080
067090
067100
067110
067120
067140
067150
067160
067170
067180
067200
067205
067210
067220
067230
067240
067250
067260
067270
067280
067300
067330
067340
067350
067390
067400
067430
067440
067450
067470
067480
067490
067500
067510
067520
067530
067540
067560
067570
067580
067590
067600
067620
067700
067710
067770
067780
067790
067800
067810
067820
067830
067840
067850
067860
067870
067880
067890
067900
067910
067920
067930
067940
067950
067960
067970
067980
067990
068060
068065
068070
068420
068460
068470
068480
068490
068500
068510
068520
068570
