030010
030020
030030
030040
030050
030060
030064
030065
030070
030080
030090
030100
030110
030130
030140
030170
030180
030200
030210
030220
030230
030240
030250
030260
030270
030280
030290
030300
030310
030320
030330
030340
030350
030360
030370
030380
030390
030400
030410
030430
030440
030460
030470
030490
030500
030520
030521
030530
030540
030550
030560
030570
030580
030590
030600
030610
030620
030630
030640
030650
030660
030670
030680
030700
030710
030720
030740
030750
030760
030770
030800
030820
030840
030850
030880
030890
030900
030910
030920
030930
030940
030960
030970
031000
031020
031050
031051
031053
031060
031070
031110
031140
031160
031180
031190
031200
031210
031220
031290
031300
031310
031320
031330
031340
031350
031360
031370
031380
031390
031394
031400
031401
031402
031403
031404
031405
031406
031407
031408
031409
031411
031412
031413
031430
031440
031450
031470
031480
031490
031500
031520
031530
031540
031550
031560
031570
031571
031573
031580
031590
031600
031610
031620
031634
031640
031650
031660
031670
031680
031700
031710
031740
031760
031770
031850
031900
032070
032090
032100
032110
032120
032130
032140
032145
032150
032160
032200
032210
032220
032230
032240
032250
032260
032270
032280
032290
032300
032330
032350
032370
032380
032400
032410
032420
032431
032433
032450
032460
032490
032570
032610
032620
032635
032643
032650
032660
032690
032710
032750
032800
032810
032820
032910
032920
032930
033010
033020
033030
033050
033080
033090
033110
033120
033130
033140
033150
033160
033170
033180
033190
033210
033220
033230
033233
033290
033300
033340
033350
033380
033390
033400
033410
033420
033430
033440
033450
033460
033463
033464
033465
033470
033475
033480
033510
033540
033550
033600
033631
033700
033723
033730
033735
033770
033790
033820
033830
033840
033850
033851
033860
033870
033880
033900
033910
033920
033930
033940
033960
033980
033990
034000
034010
034020
034030
034040
034050
034053
034054
034055
034060
034070
034080
034090
034100
034110
034140
034145
034150
034160
034180
034185
034530
034540
034610
034620
034690
034700
034701
034820
034850
034870
034873
034875
034880
034920
034925
034930
034940
034950
034960
034970
034980
034990
035010
035020
035030
035031
035040
035050
035051
035070
035077
035110
035121
035200
035210
035220
035250
035260
035270
035280
035290
035310
035340
035350
035360
035410
035413
035420
035430
035440
035450
035460
035471
035480
035490
035500
035510
035520
035530
035540
035570
035571
035573
035580
035590
035600
035610
035620
035621
035623
035630
035660
035661
035671
035710
035715
035770
035770
035771
035773
035810
035830
035830
035831
035833
035860
035881
035900
035905
035930
035951
035953
035961
035963
035963
035980
035990
036010
036030
036040
036050
036060
036070
036080
036090
036095
036100
036110
036120
036130
036140
036150
036170
036240
036250
036260
036270
036280
036283
036330
036333
036380
036383
036440
036470
036490
036530
036550
036551
036553
036570
036580
036584
036600
036720
036731
036733
036740
036800
036830
036840
036880
036881
036883
036911
036913
036930
036940
036950
036960
036970
036980
036990
037000
037010
037020
037030
037031
037040
037060
037061
037070
037090
037100
037110
037120
037150
037155
037160
037170
037241
037243
037260
037400
037430
037435
037440
037450
037460
037480
037490
037590
037610
037630
037640
037660
037661
037663
037670
037680
037683
037690
037700
037720
037740
037750
037760
037770
037780
037790
037800
037810
037815
037820
037830
037840
037850
037860
037871
037890
037900
037910
037920
037930
037940
037950
037951
037960
037970
037970
037980
037990
038000
038020
038030
038040
038050
038060
038080
038090
038100
038110
038140
038150
038170
038200
038230
038240
038270
038273
038280
038300
038310
038320
038330
038340
038341
038370
038390
038400
038410
038450
038530
038550
038560
038570
038580
038590
038600
038610
038620
038630
038650
038660
038670
038690
038700
038720
038730
038740
038750
038760
038770
038790
038793
038800
038810
038820
038830
038840
038850
038860
038871
038873
038880
038900
038960
038980
039000
039010
039020
039030
039040
039050
039060
039070
039080
039084
039090
039100
039110
039120
039130
039140
039150
039155
039160
039170
039180
039200
039220
039230
039240
039250
039260
039270
039280
039290
749001
749002
749003
749005
749006
749007
749008
749009
749114
749115
749116
749117
888780
888970
889250
889460
889520
889580
889610
889620
889810
889860
992700
992880
992900
994990
995010
995020
995030
995040
995050
995080
995090
995100
995120
995140
995150
995190
995220
995240
995250
995270
995280
995290
995310
995320
995360
995380
995420
995430
995440
995630
995700
995720
995730
995750
995760
995770
995780
995850
995920
995940
995950
996030
996050
996060
996070
996090
996110
996120
996200
996240
996380
996440
996450
996480
996570
996580
996630
996770
996840
996850
996860
996880
996890
996900
996920
997233
997252
15015
15027
15033
15040
15042
35034
35046
35047
35048
35049
