423630
619760
621010
621110
621130
621140
621160
621170
621180
621220
621250
621260
621300
621370
621410
621430
621500
625600
625630
625650
625660
625680
625750
625760
631080
631100
631370
690014
690020
690070
690090
690110
690138
690140
690150
690150
690170
690174
690190
690190
690200
690210
690220
690230
690240
690250
690260
690280
690290
690310
690320
690330
690500
690524
690584
691164
691174
691224
691334
691414
691484
691774
691804
692364
692494
692534
692584
692644
692694
692704
692754
692764
692784
693254
693654
694300
694604
695354
695364
695414
695424
696334
696454
696464
697534
697564
698114
698324
698414
699604
700001
700001
700197
700197
700260
700264
700265
700271
700300
700300
700300
700365
700450
700450
700630
700630
700631
700631
700632
700632
700633
700634
700634
700635
700635
700636
700637
700638
700639
700860
700860
700863
700865
700866
700867
700868
700869
701040
701040
701043
701043
701045
701045
701046
701160
701160
701170
701170
701175
701190
701195
701195
701196
701196
701210
701210
701210
701213
701213
701330
701331
701333
701333
701334
701335
701335
701336
701337
701337
701338
701486
701486
701620
701620
701625
701625
701718
701718
701719
701719
701730
701730
701740
701745
701745
701746
701747
701748
701749
701780
701790
701791
701793
701793
701795
701940
701940
701945
701945
701970
701975
701975
701995
701995
702000
702004
702005
702005
702006
702006
702031
702035
702035
702040
702040
702060
702070
702070
702075
702075
702084
702084
702091
702120
702120
702120
702180
702185
702185
702186
702186
702190
702195
702220
702220
702223
702223
702224
702225
702310
702312
702312
702312
702315
702315
702320
702320
702325
702325
702350
702350
702460
702460
702480
702483
702490
702490
702495
702495
702510
702520
702550
702550
702590
702595
702595
702600
702600
702605
702606
702606
702607
702607
702610
702615
702615
702616
702625
702625
702626
702627
702628
702628
702629
702640
702645
702645
702646
702647
702647
702648
702648
702650
702650
702653
702660
702670
702673
702674
702675
702675
702677
702680
702685
702686
702695
702695
702696
702697
702697
702700
702700
702710
702711
702711
702715
702715
702716
702717
702719
702720
702720
702725
702725
702730
702735
702735
702736
702740
702740
702745
702745
702746
702746
702750
702754
702755
702755
702756
702756
702757
702757
702758
702758
702770
702770
702790
702795
702910
702913
702913
702915
702915
702923
702924
702960
702965
702980
702980
702986
702986
702987
703050
703050
703051
703051
703052
703052
703053
703053
703054
703054
703055
703055
703056
703056
703057
703057
703058
703058
703059
703061
703061
703080
703160
703165
703165
703210
703210
703260
703263
703330
703330
703333
703333
703334
703334
703335
703400
703406
703406
703407
703407
703410
703430
703430
703430
703431
703500
703570
703600
703604
703605
703605
703606
703606
703610
703615
703620
703621
703621
703625
703626
703627
703640
703644
703644
703650
703655
703655
703656
703670
703670
703675
703710
703715
703724
703810
703815
703816
703817
703817
703830
703835
703835
703850
703855
703855
703860
703860
703863
703865
703870
703870
703880
703880
703884
703884
703885
703886
703886
703887
703888
703891
703894
703894
703920
703920
703921
703925
703925
703926
703950
703980
703985
703985
704090
704140
704140
704540
704540
704545
704820
704851
704890
704890
704891
704895
704896
704897
704898
704898
711680
713407
720000
720021
720046
720048
720059
720110
720110
720113
720113
720120
720120
720122
720137
720137
720141
720141
720150
720151
720151
720159
720160
720160
720165
720167
720169
720169
720170
720170
720172
720172
720175
720193
720193
720198
720198
720202
720202
720254
720254
720257
720257
720258
720258
720259
720259
720261
720261
720262
720262
720263
720264
720264
720265
720265
720266
720266
720267
720267
720268
720268
720269
720269
720271
720271
720272
720272
720273
720273
720274
720274
720275
720275
720276
720276
720277
720277
720278
720278
720279
720279
720281
720281
720282
720282
720283
720283
720284
720284
720285
720285
720286
720286
720287
720287
720288
720288
720289
720289
720291
720291
720293
720293
720294
720294
720295
720295
720296
720296
720297
720297
720298
720298
720299
720299
720300
720301
720301
720302
720302
720303
720303
720304
720304
720305
720305
720306
720306
720307
720307
720308
720308
720309
720309
720311
720311
720312
720312
720313
720313
720314
720314
720315
720315
720316
720316
720317
720317
720318
720318
720319
720319
720320
720320
720321
720321
720322
720322
720323
720323
720324
720324
720326
720326
720327
720327
720328
720328
720330
720330
720331
720333
720333
720334
720334
720339
720340
720340
720342
720342
720343
720343
720344
720344
720345
720345
720346
720347
720347
720348
720348
720351
720351
720352
720353
720353
720354
720355
720355
720356
720357
720357
720358
720359
720361
720362
720363
720365
720366
720366
720367
720367
720368
720369
720371
720373
720374
720375
720376
720377
720377
720378
720378
720379
720381
720382
720382
720383
720384
720384
720385
720385
720386
720386
720387
720388
720388
720389
720391
720392
720392
720393
720393
720394
720394
720395
720395
720396
720397
720397
720398
720399
720401
720401
720402
720403
720404
720404
720405
720406
720407
720407
720408
720408
720409
720411
720412
720413
720413
720414
720414
720415
720415
720422
720424
720425
720426
720426
720436
720437
720437
720443
720447
720447
720448
720448
720449
720452
720455
720456
720456
720458
720458
720464
720466
720467
720467
720468
720468
720476
720476
720479
720481
720483
720484
720488
720491
720492
720492
720493
720493
720494
720494
720498
720498
720499
720499
720501
720504
720505
720505
720508
720516
720517
720518
720518
720519
720521
720521
720522
720522
720524
720525
720528
720528
720529
720529
720531
720531
720532
720532
720533
720533
720534
720535
720537
720538
720539
720541
720541
720542
720543
720543
720544
720544
720545
720545
720546
720549
720549
720551
720558
720558
720559
720559
720561
720561
720562
720565
720567
720569
720572
720575
720575
720576
720576
720577
720577
720578
720578
720579
720581
720581
720582
720583
720584
720584
720585
720586
720587
720587
720588
720589
720592
720592
720593
720593
720594
720594
720595
720596
720596
720597
720597
720598
720598
720599
720599
720601
720601
720602
720602
720603
720603
720604
720604
720605
720606
720606
720607
720608
720608
720609
720609
720611
720611
720612
720612
720613
720613
720614
720614
720615
720616
720616
720617
720617
720619
720622
720623
720624
720624
720625
720626
720626
720627
720627
720628
720628
720629
720629
720631
720631
720632
720632
720633
720633
720634
720634
720635
720635
720636
720636
720637
720638
720638
720639
720639
720641
720642
720643
720643
720644
720644
720645
720645
720646
720646
720647
720647
720648
720648
720649
720649
720651
720651
720652
720652
720653
720654
720655
720655
720656
720657
720658
720659
720659
720661
720662
720663
720664
720664
720665
720665
720666
720667
720668
720669
720671
720671
720672
720672
720673
720674
720674
720675
720681
720684
720699
720699
720701
720701
720712
720712
720713
720713
720714
720716
720717
720717
720718
720718
720719
720719
720721
720721
720722
720722
720723
720723
720724
720725
720725
720726
720727
720727
720729
720729
720731
720731
720732
720733
720734
720734
720735
720735
720736
720736
720737
720737
720738
720738
720739
720741
720741
720742
720743
720744
720744
720745
720745
720746
720747
720749
720768
720768
720769
720769
720771
720771
720772
720773
720776
720777
720779
720787
720787
720815
720839
720839
720852
720852
720853
720854
720854
720855
720855
720856
720858
720858
720859
720859
720861
720861
720862
720863
720863
720864
720864
720865
720865
720866
720866
720867
720867
720868
720868
720869
720869
720871
720871
720887
720887
720895
720902
720902
720903
720903
720904
720904
720907
720909
720911
720911
720912
720912
720913
720914
720914
720915
720916
720916
720917
720917
720918
720919
720921
720921
720922
720923
720923
720924
720924
720925
720925
720926
720926
720927
720927
720928
720928
720929
720929
720932
720932
720933
720933
720934
720935
720936
720937
720939
720941
720942
720942
720943
720943
720944
720944
720945
720946
720946
720947
720948
720948
720949
720951
720951
720952
720953
720953
720954
720954
720955
720956
720956
720957
720957
720958
720959
720961
720961
720962
720962
720963
720964
720964
720965
720966
720966
720967
720967
720968
720969
720971
720972
720974
720974
720976
720976
720977
720978
720979
720981
720982
720983
720984
720985
720986
720987
720988
720989
720991
720992
720993
720994
720995
720996
720997
720998
720999
721001
721002
721003
721004
721005
721006
721007
721008
721009
721011
721012
721013
721014
721015
721016
721017
721018
721019
721021
721022
721023
721024
721025
721026
721027
721028
721029
721029
721031
721031
721032
721033
721033
721034
721034
721035
721035
721036
721036
721037
721038
721041
721042
721042
721043
721044
721045
721045
721046
721047
721048
721048
722003
722003
722004
722004
722005
722006
722006
722007
722008
722008
722010
722011
722011
722012
722012
722013
722014
722014
722015
722016
722016
722017
722017
722018
722019
722020
722021
722021
722022
722022
722024
722024
722025
722025
722026
722026
722027
722028
722029
722029
722030
722031
722031
722032
722032
722033
722033
722034
722034
722035
722036
722037
722037
722038
722038
722039
722039
722040
722040
722041
722041
722042
722042
722043
722043
722044
722044
722045
722045
722046
722046
722047
722048
722049
722049
722050
722051
722051
722051
722052
722052
722053
722053
722054
722054
722055
722055
722056
722056
722057
722057
722058
722059
722059
722060
722061
722061
722062
722062
722064
722065
722066
722067
722067
722067
722068
722068
722069
722069
722070
722071
722071
722072
722072
722073
722073
722074
722074
722075
722075
722076
722076
722077
722078
722078
722079
722079
722080
722081
722081
722082
722082
722083
722085
722086
722086
722088
722089
722089
722090
722090
722091
722091
722092
722092
722093
722093
722094
722094
722095
722095
722096
722096
722097
722097
722098
722098
722099
722099
722100
722101
722101
722102
722103
722103
722104
722104
722105
722106
722107
722107
722108
722108
722109
722109
722110
722111
722111
722112
722112
722113
722113
722114
722114
722115
722115
722116
722116
722117
722118
722119
722119
722120
722121
722122
722122
722123
722123
722124
722124
722125
722125
722126
722126
722127
722127
722128
722128
722129
722129
722130
722130
722131
722131
722132
722132
722133
722133
722134
722134
722135
722135
722136
722136
722137
722138
722138
722138
722139
722140
722141
722141
722142
722143
722143
722144
722144
722145
722145
722146
722146
722147
722147
722148
722148
722149
722149
722150
722151
722151
722152
722153
722154
722154
722155
722155
722156
722156
722157
722157
722158
722159
722159
722160
722160
722162
722162
722163
722164
722164
722165
722165
722165
722166
722166
722167
722167
722168
722168
722169
722169
722170
722171
722171
722172
722172
722173
722173
722174
722174
722175
722175
722176
722176
722177
722177
722178
722178
722179
722179
722180
722181
722181
722182
722182
722183
722183
722184
722185
722185
722186
722186
722187
722187
722188
722188
722189
722189
722190
722191
722191
722192
722192
722193
722193
722194
722194
722195
722195
722196
722196
722197
722197
722198
722198
722199
722199
722200
722200
722201
722201
722202
722202
722203
722203
722204
722204
722205
722208
722208
722209
722209
722210
722210
722211
722211
722212
722212
722213
722213
722214
722214
722215
722216
722217
722217
722218
722218
722219
722220
722220
722221
722221
722221
722223
722224
722224
722225
722226
722227
722228
722230
722231
722235
722235
722236
722237
722238
722238
722239
722239
722240
722241
722241
722242
722243
722244
722244
722245
722245
722246
722246
722247
722247
722248
722249
722250
722250
722251
722252
722253
722255
722256
722260
722261
722261
722265
722265
722266
722266
722267
722267
722268
722268
722268
722269
722269
722270
722270
722273
722274
722275
722275
722276
722276
722279
722279
722280
722284
722284
722285
722285
722286
722286
722287
722288
722290
722290
722291
722291
722293
722294
722295
722296
722297
722298
722300
722300
722303
722304
722305
722306
722307
722308
722309
722309
722310
722312
722312
722314
722314
722314
722315
722315
722316
722317
722317
722319
722319
722320
722320
722322
722322
722323
722323
722324
722324
722325
722326
722327
722328
722329
722329
722330
722331
722331
722332
722332
722333
722333
722334
722334
722335
722336
722337
722338
722338
722339
722340
722341
722341
722342
722342
722343
722343
722344
722345
722346
722346
722347
722347
722348
722348
722350
722351
722351
722354
722354
722355
722356
722356
722357
722357
722358
722359
722359
722361
722361
722362
722362
722363
722363
722364
722365
722366
722366
722367
722367
722368
722368
722369
722369
722375
722383
722384
722385
722386
722387
722388
722390
722390
722393
722394
722395
722396
722397
722398
722399
722400
722403
722403
722404
722404
722405
722406
722406
722407
722408
722409
722410
722413
722414
722415
722416
722417
722418
722420
722420
722422
722423
722423
722425
722426
722427
722427
722429
722429
722430
722433
722435
722435
722436
722436
722437
722439
722440
722444
722444
722445
722445
722446
722447
722447
722447
722448
722448
722453
722469
722469
722470
722470
722479
722479
722480
722484
722484
722485
722485
722486
722487
722488
722488
722489
722489
722499
722499
722500
722503
722505
722505
722506
722507
722508
722508
722510
722515
722516
722517
722517
722518
722518
722519
722520
722520
722520
722521
722523
722523
722524
722524
722525
722525
722526
722527
722527
722530
722533
722535
722535
722536
722536
722537
722537
722539
722539
722540
722540
722541
722541
722542
722542
722543
722543
722544
722545
722545
722546
722547
722547
722550
722552
722552
722553
722553
722554
722554
722555
722556
722557
722560
722561
722563
722563
722570
722570
722572
722575
722575
722576
722576
722577
722577
722580
722581
722583
722583
722585
722586
722587
722587
722588
722588
722589
722589
722590
722592
722593
722593
722594
722594
722595
722596
722596
722597
722598
722598
722599
722599
722600
722600
722610
722610
722615
722615
722616
722616
722618
722620
722626
722630
722635
722636
722636
722637
722637
722640
722640
722648
722648
722650
722654
722654
722655
722656
722657
722658
722660
722665
722666
722666
722670
722673
722675
722676
722676
722677
722677
722678
722678
722680
722682
722683
722683
722684
722685
722686
722686
722687
722688
722688
722689
722689
722690
722691
722691
722692
722692
722693
722693
722695
722695
722696
722697
722700
722704
722707
722710
722710
722720
722720
722720
722721
722725
722725
722726
722726
722728
722728
722730
722730
722733
722735
722735
722740
722743
722745
722745
722746
722747
722747
722748
722748
722749
722749
722764
722764
722780
722781
722783
722783
722784
722784
722785
722785
722786
722786
722787
722787
722788
722788
722789
722789
722800
722800
722801
722805
722806
722810
722813
722817
722819
722820
722820
722821
722821
722822
722823
722823
722825
722825
722826
722826
722857
722857
722859
722860
722860
722864
722865
722865
722866
722866
722867
722867
722868
722868
722869
722869
722874
722880
722880
722883
722884
722885
722885
722886
722886
722887
722887
722888
722889
722890
722890
722895
722895
722897
722897
722898
722899
722899
722900
722901
722903
722903
722904
722904
722904
722905
722906
722907
722907
722908
722909
722910
722910
722913
722914
722915
722916
722917
722919
722920
722920
722923
722924
722925
722925
722926
722927
722927
722928
722928
722929
722930
722931
722931
722933
722934
722934
722935
722950
722953
722953
722954
722955
722955
722955
722956
722956
722957
722958
722959
722970
722972
722972
722973
722974
722975
722975
722975
722976
722976
722977
722977
722978
722979
722983
722984
722985
722986
723010
723011
723013
723015
723016
723020
723030
723030
723034
723034
723035
723035
723037
723037
723040
723040
723044
723045
723046
723046
723047
723048
723050
723055
723055
723060
723062
723065
723065
723066
723066
723067
723067
723068
723068
723069
723069
723070
723074
723074
723075
723076
723077
723078
723079
723079
723080
723082
723083
723083
723084
723085
723086
723086
723087
723087
723088
723089
723090
723094
723095
723096
723097
723098
723098
723099
723100
723104
723104
723105
723105
723105
723106
723107
723107
723108
723108
723109
723109
723110
723114
723114
723115
723115
723116
723116
723117
723117
723118
723118
723119
723119
723120
723122
723122
723123
723123
723124
723124
723125
723125
723126
723126
723139
723140
723143
723143
723144
723144
723145
723145
723146
723146
723147
723147
723148
723148
723150
723155
723156
723156
723160
723165
723165
723170
723171
723171
723174
723174
723177
723177
723180
723181
723183
723183
723190
723191
723193
723193
723194
723194
723200
723200
723213
723230
723231
723231
723235
723240
723244
723245
723246
723246
723249
723249
723250
723260
723263
723264
723265
723265
723270
723271
723273
723273
723274
723274
723275
723280
723284
723284
723290
723290
723291
723293
723300
723300
723301
723303
723305
723306
723306
723307
723307
723320
723340
723345
723346
723347
723347
723348
723350
723400
723400
723401
723403
723405
723405
723406
723406
723407
723407
723408
723408
723409
723409
723410
723415
723415
723416
723416
723417
723417
723418
723419
723424
723424
723425
723425
723429
723429
723434
723434
723435
723435
723436
723436
723439
723439
723440
723441
723441
723443
723443
723444
723444
723445
723445
723446
723446
723447
723447
723448
723448
723449
723449
723450
723480
723484
723484
723485
723489
723489
723490
723493
723495
723510
723513
723520
723520
723525
723526
723526
723527
723528
723528
723529
723529
723530
723535
723535
723536
723536
723537
723537
723540
723540
723544
723544
723545
723545
723546
723546
723550
723550
723555
723555
723556
723556
723560
723564
723564
723565
723565
723566
723567
723570
723570
723575
723575
723600
723601
723604
723604
723620
723625
723625
723626
723626
723626
723627
723628
723628
723629
723629
723630
723635
723635
723640
723647
723647
723650
723653
723654
723654
723655
723656
723656
723657
723657
723658
723658
723659
723660
723663
723663
723671
723675
723675
723676
723676
723677
723678
723700
723700
723710
723710
723721
723723
723740
723745
723746
723747
723747
723750
723750
723751
723754
723754
723755
723756
723756
723757
723758
723758
723759
723759
723760
723761
723761
723762
723762
723780
723781
723783
723783
723785
723786
723787
723788
723788
723800
723801
723805
723810
723810
723814
723815
723816
723820
723820
723825
723825
723826
723826
723830
723840
723850
723860
723865
723865
723870
723874
723884
723890
723894
723894
723895
723895
723896
723896
723897
723897
723898
723898
723900
723900
723910
723914
723915
723920
723921
723923
723924
723925
723926
723926
723927
723927
723928
723929
723930
723930
723935
723940
723960
723961
723965
723980
723990
724006
724006
724007
724007
724008
724008
724010
724014
724014
724015
724015
724016
724016
724017
724017
724019
724019
724020
724020
724024
724025
724026
724026
724027
724028
724029
724029
724030
724033
724033
724035
724036
724036
724037
724037
724040
724043
724043
724045
724045
724046
724047
724048
724049
724050
724053
724053
724055
724055
724056
724056
724057
724057
724058
724058
724060
724064
724065
724065
724066
724066
724067
724067
724069
724070
724074
724074
724075
724076
724077
724077
724080
724083
724084
724084
724084
724085
724085
724086
724087
724088
724088
724089
724089
724090
724093
724093
724094
724094
724095
724095
724096
724096
724097
724097
724098
724099
724100
724104
724105
724105
724106
724106
724107
724107
724110
724113
724113
724115
724115
724116
724116
724117
724117
724118
724118
724120
724125
724125
724126
724127
724127
724130
724131
724133
724140
724165
724165
724170
724175
724175
724176
724177
724180
724190
724200
724210
724220
724230
724233
724233
724235
724235
724236
724236
724237
724237
724238
724238
724240
724240
724243
724250
724270
724270
724270
724271
724273
724275
724275
724276
724276
724280
724284
724284
724285
724285
724286
724287
724287
724288
724288
724289
724290
724293
724294
724294
724295
724295
724295
724296
724296
724297
724298
724298
724303
724303
724320
724325
724330
724330
724335
724335
724336
724336
724337
724338
724338
724339
724339
724340
724343
724345
724347
724347
724350
724354
724354
724356
724356
724360
724361
724363
724363
724365
724365
724370
724370
724371
724373
724373
724373
724375
724375
724380
724384
724384
724385
724385
724386
724387
724387
724388
724388
724389
724389
724390
724394
724395
724395
724396
724396
724397
724397
724398
724400
724420
724430
724450
724453
724453
724454
724454
724455
724455
724456
724456
724457
724457
724458
724458
724459
724459
724460
724461
724462
724462
724463
724463
724464
724464
724466
724466
724467
724467
724468
724468
724475
724475
724490
724490
724500
724502
724502
724503
724504
724504
724505
724505
724506
724506
724507
724508
724508
724509
724509
724510
724515
724515
724516
724516
724517
724517
724518
724518
724519
724519
724520
724530
724550
724550
724555
724555
724556
724556
724560
724565
724565
724567
724580
724585
724586
724586
724600
724604
724604
724620
724625
724625
724626
724627
724627
724630
724631
724635
724636
724636
724640
724645
724646
724646
724650
724655
724660
724663
724665
724665
724666
724666
724670
724671
724673
724673
724674
724674
724675
724675
724676
724676
724677
724677
724678
724678
724679
724680
724680
724684
724685
724686
724689
724689
724690
724690
724694
724695
724695
724696
724697
724698
724698
724699
724699
724700
724700
724720
724721
724723
724723
724725
724735
724735
724736
724737
724737
724739
724741
724742
724743
724750
724751
724754
724754
724755
724756
724756
724757
724760
724765
724765
724766
724767
724767
724768
724768
724769
724769
724770
724770
724771
724773
724773
724776
724776
724795
724796
724796
724797
724800
724810
724810
724815
724815
724828
724828
724830
724833
724833
724834
724835
724836
724836
724837
724837
724838
724838
724839
724839
724844
724845
724846
724846
724850
724851
724855
724856
724860
724870
724870
724880
724885
724915
724915
724915
724916
724917
724917
724918
724920
724925
724926
724927
724927
724930
724930
724935
724935
724936
724936
724937
724937
724938
724938
724939
724940
724943
724945
724946
724946
724947
724950
724950
724953
724955
724955
724956
724957
724957
724958
724959
724970
724971
724973
724973
724975
724975
724988
724988
724990
724991
724995
725010
725014
725014
725015
725015
725016
725016
725020
725021
725023
725023
725024
725025
725025
725026
725027
725027
725028
725029
725029
725030
725033
725033
725034
725035
725035
725036
725036
725037
725038
725038
725039
725040
725045
725045
725046
725046
725047
725048
725049
725050
725051
725053
725054
725054
725055
725056
725057
725058
725058
725059
725059
725060
725060
725060
725061
725061
725063
725063
725064
725064
725065
725065
725066
725066
725067
725067
725068
725068
725069
725069
725070
725073
725073
725074
725074
725075
725075
725076
725077
725078
725079
725079
725080
725084
725084
725085
725085
725086
725086
725087
725087
725088
725088
725089
725090
725094
725095
725095
725096
725097
725098
725098
725099
725100
725101
725103
725103
725104
725104
725105
725105
725107
725107
725109
725109
725110
725111
725111
725113
725113
725114
725114
725115
725115
725116
725116
725117
725117
725118
725118
725119
725119
725120
725120
725121
725124
725124
725125
725125
725126
725127
725127
725128
725128
725130
725135
725140
725144
725144
725145
725145
725146
725146
725150
725155
725155
725156
725156
725157
725157
725160
725165
725165
725170
725171
725172
725175
725175
725180
725184
725185
725185
725186
725187
725187
725188
725190
725194
725194
725195
725196
725196
725197
725198
725200
725204
725204
725205
725205
725206
725207
725207
725208
725208
725210
725214
725214
725215
725216
725216
725217
725217
725218
725220
725224
725224
725229
725229
725230
725230
725235
725235
725240
725243
725244
725245
725245
725246
725246
725247
725247
725248
725249
725250
725251
725253
725253
725254
725254
725255
725256
725256
725257
725258
725260
725264
725265
725266
725267
725267
725280
725283
725283
725285
725287
725287
725288
725290
725291
725292
725293
725294
725294
725295
725296
725300
725305
725305
725306
725306
725307
725310
725310
725314
725314
725315
725315
725316
725316
725317
725317
725320
725323
725325
725325
725326
725326
725327
725327
725330
725334
725335
725335
725336
725336
725337
725337
725339
725340
725342
725342
725344
725345
725345
725346
725346
725347
725347
725348
725348
725349
725350
725354
725354
725360
725366
725370
725373
725373
725374
725374
725375
725376
725376
725377
725377
725378
725378
725383
725383
725384
725384
725385
725386
725386
725387
725387
725390
725394
725394
725395
725396
725396
725397
725400
725404
725404
725405
725405
725406
725406
725407
725407
725408
725408
725409
725409
725414
725414
725415
725415
725416
725416
725417
725417
725418
725418
725420
725424
725424
725430
725434
725434
725440
725450
725453
725453
725454
725454
725455
725455
725456
725456
725457
725457
725458
725458
725460
725461
725461
725462
725462
725463
725463
725464
725464
725465
725466
725466
725467
725467
725468
725468
725469
725469
725470
725472
725472
725473
725473
725474
725474
725475
725475
725476
725476
725477
725477
725478
725478
725479
725479
725480
725483
725483
725484
725484
725485
725486
725486
725487
725487
725488
725488
725489
725489
725490
725490
725493
725493
725494
725494
725495
725495
725496
725496
725497
725497
725498
725498
725499
725499
725500
725510
725512
725512
725513
725513
725514
725515
725515
725520
725524
725524
725525
725525
725526
725526
725527
725527
725528
725530
725530
725532
725533
725533
725540
725540
725541
725541
725550
725551
725555
725555
725556
725556
725560
725564
725564
725565
725565
725566
725566
725570
725580
725610
725610
725620
725621
725621
725624
725624
725625
725625
725626
725626
725627
725628
725628
725630
725634
725635
725635
725636
725636
725637
725640
725643
725644
725645
725646
725647
725648
725649
725650
725660
725665
725665
725670
725680
725681
725685
725686
725686
725690
725700
725700
725705
725705
725706
725707
725708
725710
725711
725715
725715
725716
725717
725717
725720
725723
725724
725724
725740
725741
725743
725744
725745
725745
725750
725750
725753
725755
725755
725760
725763
725763
725765
725765
725770
725771
725775
725775
725776
725776
725780
725784
725784
725785
725786
725786
725787
725788
725788
725800
725801
725805
725810
725810
725814
725816
725820
725821
725824
725824
725825
725826
725827
725827
725830
725835
725835
725837
725840
725841
725845
725846
725846
725847
725847
725848
725850
725860
725861
725864
725865
725865
725866
725866
725867
725868
725868
725869
725869
725870
725871
725875
725890
725891
725895
725895
725896
725900
725905
725905
725910
725915
725920
725930
725939
725940
725940
725945
725946
725946
725947
725948
725949
725950
725951
725955
725955
725956
725956
725957
725957
725958
725958
725959
725970
725975
725976
725976
725980
725981
725985
725985
725990
725995
726020
726021
726035
726036
726037
726040
726050
726054
726055
726055
726056
726056
726058
726059
726060
726064
726064
726065
726066
726067
726068
726069
726070
726070
726071
726073
726073
726074
726076
726077
726077
726078
726079
726079
726080
726080
726083
726083
726084
726085
726086
726087
726088
726088
726110
726111
726114
726114
726115
726115
726116
726116
726120
726130
726130
726134
726134
726140
726145
726150
726155
726155
726156
726157
726160
726160
726163
726163
726164
726165
726165
726166
726166
726170
726180
726183
726183
726184
726184
726185
726186
726187
726188
726189
726190
726190
726191
726196
726196
726221
726223
726225
726225
726226
726227
726228
726228
726260
726284
726284
726320
726340
726350
726355
726355
726356
726357
726357
726358
726358
726360
726364
726364
726365
726366
726367
726370
726375
726375
726376
726377
726378
726379
726380
726381
726384
726384
726385
726385
726386
726387
726388
726389
726390
726391
726392
726392
726393
726394
726394
726395
726395
726396
726396
726397
726398
726399
726400
726403
726404
726404
726405
726405
726406
726407
726408
726409
726409
726410
726413
726413
726414
726414
726415
726415
726416
726416
726417
726417
726418
726418
726419
726419
726424
726424
726425
726425
726426
726426
726427
726427
726430
726435
726436
726436
726437
726437
726438
726438
726440
726444
726444
726449
726449
726450
726452
726452
726454
726455
726455
726456
726456
726457
726457
726458
726458
726459
726460
726461
726463
726464
726464
726465
726465
726466
726466
726467
726467
726468
726468
726480
726480
726482
726483
726487
726487
726498
726498
726499
726499
726500
726500
726502
726502
726503
726503
726504
726504
726505
726505
726506
726506
726507
726507
726508
726508
726509
726509
726510
726513
726514
726514
726515
726515
726516
726516
726517
726517
726518
726518
726519
726519
726520
726525
726525
726530
726530
726539
726539
726540
726543
726544
726544
726545
726545
726546
726547
726547
726548
726548
726549
726549
726550
726553
726553
726554
726554
726555
726555
726556
726556
726557
726558
726558
726559
726559
726560
726560
726560
726561
726561
726562
726562
726563
726563
726564
726564
726565
726565
726566
726566
726567
726567
726568
726568
726569
726569
726572
726573
726574
726574
726575
726575
726576
726576
726577
726577
726578
726578
726579
726579
726580
726583
726583
726584
726584
726585
726585
726586
726586
726587
726587
726588
726588
726589
726589
726590
726593
726593
726596
726596
726603
726603
726605
726605
726606
726610
726620
726625
726625
726626
726626
726627
726627
726630
726650
726650
726654
726654
726655
726656
726657
726660
726662
726664
726665
726665
726666
726667
726667
726670
726671
726673
726675
726676
726676
726679
726679
726680
726681
726682
726682
726685
726685
726686
726686
726690
726690
726691
726695
726700
726700
726704
726710
726710
726720
726720
726760
726761
726763
726763
726764
726764
726765
726766
726770
726774
726775
726776
726777
726777
726785
726785
726790
726791
726795
726796
726796
726797
726798
726799
726809
726810
726813
726813
726815
726815
726816
726816
726817
726817
726818
726824
726830
726830
726834
726835
726835
726836
726836
726837
726837
726838
726839
726839
726860
726861
726865
726865
726866
726870
726871
726873
726873
726874
726875
726875
726876
726876
726880
726881
726881
726883
726883
726884
726884
726885
726886
726887
726901
726904
726904
726910
726911
726915
726916
726917
726917
726920
726930
726940
726945
726945
726950
726950
726951
726954
726955
726956
726957
726958
726958
726959
726959
726963
726980
726985
726985
726986
726986
726987
726987
726988
726989
727031
727033
727033
727100
727119
727119
727120
727125
727125
727130
727130
727135
727135
727340
727344
727344
727345
727345
727346
727347
727348
727349
727370
727376
727377
727410
727415
727415
727416
727417
727417
727430
727430
727431
727434
727434
727435
727435
727436
727436
727437
727437
727438
727439
727440
727444
727444
727445
727445
727446
727447
727448
727449
727449
727450
727452
727452
727453
727454
727454
727455
727456
727456
727457
727457
727458
727458
727459
727459
727466
727466
727467
727467
727468
727468
727469
727469
727470
727473
727473
727474
727474
727475
727475
727476
727477
727477
727478
727478
727486
727486
727497
727497
727500
727503
727503
727504
727504
727505
727505
727506
727506
727507
727507
727508
727508
727514
727514
727515
727515
727517
727517
727530
727533
727533
727534
727535
727550
727550
727554
727555
727555
727556
727556
727560
727564
727566
727566
727570
727570
727572
727573
727573
727575
727575
727576
727576
727577
727580
727584
727584
727630
727640
727645
727645
727650
727670
727675
727675
727676
727677
727677
727680
727684
727684
727685
727686
727686
727687
727687
727690
727700
727720
727725
727730
727735
727735
727740
727750
727755
727755
727760
727770
727790
727795
727796
727796
727810
727813
727815
727825
727825
727826
727826
727827
727827
727830
727833
727833
727834
727834
727836
727840
727840
727845
727845
727846
727850
727854
727854
727855
727855
727856
727856
727857
727857
727860
727861
727870
727870
727871
727873
727883
727883
727884
727885
727885
727890
727890
727900
727910
727915
727916
727917
727918
727918
727920
727923
727924
727924
727925
727925
727926
727926
727927
727928
727928
727929
727930
727933
727934
727934
727935
727935
727937
727937
727938
727938
727939
727945
727945
727964
727965
727970
727973
727974
727975
727976
727977
727978
727979
727984
727985
727985
727996
728240
728645
729020
729030
729080
729416
731010
732010
732020
734010
734020
735020
736010
736020
740001
740001
740002
740002
740020
740030
740030
740035
740114
740124
740134
740144
740154
740164
740174
740184
740194
740204
740700
740970
741830
742004
742005
742006
742010
742010
742015
742016
742060
742060
742065
742066
742070
742070
742071
742071
742075
742076
742077
742078
742079
742300
742513
742513
743312
743312
743680
743700
743700
743895
743920
743925
743926
743927
743941
743945
743945
743946
743946
743950
744104
744104
744130
744200
744214
744214
744450
744550
744600
744650
744652
744652
744653
744653
744655
744655
744656
744656
744657
744657
744658
744658
744659
744659
744660
744660
744661
744662
744662
744663
744663
744665
744665
744666
744666
744667
744672
744672
744680
744714
744830
744840
744859
744860
744864
744864
744865
744865
744900
744900
744904
744904
744905
744907
744910
744910
744915
744915
744916
744925
744940
744975
744976
744989
744989
744994
744994
745000
745039
745040
745045
745046
745046
745048
745048
745054
745055
745056
745056
745057
745057
745058
745058
745060
745065
745090
745090
745095
745096
745097
745160
745160
745165
745200
745201
745310
745310
745430
745430
745431
745431
745700
745700
745900
745940
745940
745944
745945
745946
745946
745950
745960
745965
745966
745966
745980
745980
745985
745985
746060
746061
746110
746110
746120
746140
746140
746141
746141
746180
746180
746190
746300
746375
746380
746380
746410
746410
746710
746710
746715
746716
746720
746925
746925
746929
746929
746930
746930
746934
746935
746935
746936
746936
746939
746939
746940
746940
746941
746941
746943
746943
746950
746960
746990
747020
747040
747040
747041
747043
747043
747185
747185
747186
747186
747187
747188
747240
747240
747240
747255
747300
747320
747320
747330
747335
747335
747340
747350
747355
747355
747360
747390
747400
747460
747540
747540
747540
747550
747560
747570
747580
747590
747680
747685
747685
747686
747686
747688
747688
747750
747750
747756
747760
747760
747761
747770
747770
747780
747804
747804
747805
747805
747806
747806
747807
747807
747808
747808
747809
747809
747810
747810
747812
747812
747820
747830
747870
747880
747880
747900
747900
747910
747910
747915
747915
747916
747917
747918
747920
747930
747930
747931
747940
747940
747945
747946
747946
747950
747950
747960
747985
747986
747994
749000
749010
749011
749012
749013
749014
749015
749016
749017
749018
749019
749022
749044
749045
749046
749047
749048
749048
749049
749050
749051
749053
749054
749055
749056
749057
749058
749067
749068
749069
749070
749071
749072
749073
749074
749075
749076
749077
749078
749079
749080
749081
749082
749083
749084
749085
749086
749087
749088
749089
749090
749091
749092
749093
749094
749095
749096
749097
749098
749099
749100
749105
749108
749109
749110
749111
749112
749113
749154
749155
749158
749159
749160
749161
749162
749163
749164
749165
749166
749167
749168
749169
749170
749171
749171
749173
749174
749175
749177
749178
749179
749180
749181
749182
749183
749184
749185
749200
749203
749204
749205
749219
749220
749221
749222
749224
749225
749226
749228
749229
749230
749231
749392
749393
749394
749395
749396
749473
749475
749476
749477
749479
749483
749484
749484
749485
749485
749486
749487
749488
749495
749496
749516
749541
785140
785145
785265
785350
785430
785510
787804
899790
911170
911550
911580
911610
911620
911630
911630
911649
911650
911660
911665
911670
911680
911681
911690
911700
911700
911720
911760
911780
911780
911780
911800
911803
911810
911820
911840
911860
911860
911880
911890
911900
911903
911904
911904
911905
911905
911907
911910
911940
911950
911961
911975
911975
911976
911977
911977
911978
911990
912810
912830
912834
912840
912850
912853
912870
912890
912910
912930
912940
912944
919010
990062
990093
990115
990166
990170
990173
990177
990179
990180
990181
990182
990230
990250
990920
991180
991190
991200
992000
992011
992012
992013
992014
992020
992022
992025
992030
992040
992050
992060
992070
992080
992090
992100
992110
992120
992130
992140
992150
992160
992170
992180
992200
992210
992220
992230
992240
992250
992260
992270
992280
992290
992310
992320
992330
992340
992350
992360
992370
992380
992390
992400
992410
992420
992430
992440
992450
992460
992470
992480
992490
992500
992510
992520
992530
992540
992550
992560
992570
992580
992590
992600
992610
992620
992630
992640
992650
992660
992670
992680
992690
992710
992720
992730
992740
992750
992760
992770
992780
992790
992800
992810
992820
992830
992840
992850
992870
992890
992910
992920
992940
992950
992960
992970
992990
993194
993711
994006
994007
994008
994009
994010
994011
994012
994013
994014
994015
994016
994017
994018
994019
994020
994021
994022
994023
994024
994025
994026
994027
994028
994029
994030
994031
994032
994033
994034
994035
994036
994037
994040
994041
994044
994045
994046
994047
994048
994050
994060
994061
994062
994063
994064
994065
994066
994070
994080
994081
994082
994083
994084
994085
994086
994090
994100
994110
994120
994130
994140
994150
994160
994170
994180
994190
994200
994210
994220
994230
994240
994250
994260
994270
994280
994290
994300
994310
994320
994330
994340
994350
994360
994370
994380
994390
994400
994410
994420
994430
994440
994450
994460
994470
994490
994500
994510
994530
994550
994560
994570
994580
994590
994610
994620
994630
994640
994650
994660
994670
994680
994690
994700
994710
994720
994730
994740
994750
994760
994770
994780
994790
994800
994810
994820
994830
994840
994850
994860
994870
994880
994890
994900
994910
994920
994930
994940
994950
994951
994960
994970
994971
994972
994973
994974
994975
994976
994977
994978
994979
994980
995000
995060
995070
995110
995130
995160
995170
995180
995200
995210
995230
995260
995300
995330
995400
995450
995460
995470
995510
995540
995570
995600
995740
995840
995890
995910
995930
996040
996180
996190
996220
996280
996300
996310
996320
996330
996340
996350
996360
996370
996390
996400
996420
996470
996590
996610
996640
996740
996750
996760
996780
996790
996810
996820
996830
996940
996950
996970
996990
997000
997001
997010
997030
997040
997060
997070
997071
997072
997073
997074
997077
997078
997079
997080
997100
997110
997130
997140
997150
997160
997170
997171
997173
997174
997175
997176
997177
997178
997179
997180
997181
997182
997183
997184
997185
997186
997190
997198
997199
997201
997202
997203
997204
997205
997206
997207
997209
997210
997211
997212
997214
997216
997235
997236
997237
997238
997239
997241
997242
997243
997253
997254
997255
997256
997257
997258
997259
997260
997261
997262
997263
997264
997265
997266
997267
997268
997269
997270
997271
997272
997273
997274
997275
997276
997277
997278
997279
997280
997281
997282
997283
997284
997285
997286
997287
997288
997289
997290
997291
997292
997293
997294
997295
997296
997297
997298
997299
997300
997301
997302
997303
997304
997305
997306
997307
997308
997309
997310
997312
997313
997314
997315
997316
997317
997318
997319
997320
997321
997322
997323
997324
997326
997327
997328
997329
997330
997331
997332
997333
997334
997335
997336
997337
997338
997339
997340
997341
997342
997343
997344
997345
997346
997347
997348
997351
997352
997353
997354
997355
997356
997357
997358
997359
997360
997361
997362
997363
997364
997365
997366
997367
997368
997369
997370
997371
997372
997373
997374
997375
997376
997377
997378
997379
997380
997381
997382
997383
997384
997385
997386
997388
997389
997390
997391
997392
997393
997394
997396
997397
997398
997399
997400
997401
997402
997404
997405
997409
997410
997412
997417
997418
997419
997422
997423
997427
997433
997434
997435
997439
997440
997441
997443
997450
997452
997453
997454
997458
997462
997463
997465
997466
997468
997469
997470
997471
997472
997473
997474
997475
997476
997477
997478
997479
997480
997481
997483
997484
997487
997494
997497
997501
997502
997505
997506
997507
997508
997509
997511
997513
997525
997545
997546
997547
997548
997549
997551
997552
997556
997561
997575
997581
997587
997590
997596
997597
997600
997606
997607
997609
997615
997633
997643
997644
997648
997654
997659
997669
997670
997671
997672
997686
997687
997688
997689
997691
997692
997693
997694
997695
997696
997697
997698
997701
997702
997703
997704
997705
997706
997707
997708
997709
997711
997713
997714
997716
997718
997722
997724
997725
997727
997729
997731
997732
997733
997734
997735
997736
997737
997738
997739
997741
997742
997743
997779
997781
997782
997783
997784
997785
997786
997787
997788
997789
997791
997792
997793
997794
997795
997796
997797
997798
997799
997801
997802
997803
997804
997805
997806
997807
997810
997811
997813
997814
997815
997816
997817
997818
997819
997820
997821
997822
997823
997824
997825
997828
997831
997832
997833
997834
997835
997838
997840
997841
997842
997843
997844
997845
997846
997848
997849
997852
997853
997854
997855
997856
997857
997858
997859
997861
997862
997863
997864
997865
997866
997867
997868
997869
997871
997872
997873
997876
997877
997879
997881
997882
997883
997884
997885
997886
997887
997888
997889
997891
997892
997893
997894
997895
997896
997897
997898
997899
997901
997902
997903
997904
997905
997906
997907
997908
997909
997911
997913
997914
997915
997916
997917
997919
997921
997922
997923
997924
997925
997928
997933
997934
997935
997936
997938
997939
997941
997942
997944
997945
997946
997947
997949
997951
997952
997957
997958
997963
997964
997973
997976
997977
997978
997981
997982
997983
997984
997985
997986
997987
997988
997989
997990
997991
997992
997993
997994
997995
997996
997997
997999
998000
998001
998002
998004
998005
998006
998007
998008
998009
998010
998011
998012
998013
998014
998015
998016
998017
998153
998154
998155
998157
998158
998159
998160
998161
998162
998163
998164
998165
998166
998167
998168
998169
998171
998172
998173
998174
998175
998176
998177
998178
998179
998180
998181
998182
998183
998184
998185
998186
998187
998188
998189
998191
998192
998193
998194
998195
998196
998197
998198
998199
998201
998202
998203
998204
998205
998206
998207
998208
998209
998211
998212
998213
998216
998217
998218
998219
998221
998222
998223
998224
998225
998226
998227
998228
998231
998232
998233
998234
998235
998236
998238
998239
998241
998242
998243
998244
998245
998252
998253
998254
998255
998256
998258
998259
998261
998264
998265
998266
998267
998268
998269
998271
998274
998275
998276
998277
998278
998279
998281
998282
998283
998284
998285
998286
998287
998288
998289
998291
998292
998293
998294
998295
998296
998297
998298
998299
998300
998302
998305
998306
998307
998308
998313
998314
998315
998316
998317
998319
998321
998322
998323
998324
998325
998327
998328
998329
998332
998333
998334
998335
998336
998337
998339
998340
998341
998342
998345
998347
998348
998349
998350
998351
998352
998353
998354
998405
998406
998407
998408
998409
998425
998426
998427
998428
998429
998430
998431
998432
998435
998436
998438
998439
998440
998442
998443
998445
998446
998447
998448
998449
998450
998453
998454
998455
998456
998457
998458
998459
998460
998462
998464
998466
998471
998473
998474
998475
998476
998477
998478
998479
998481
998482
998483
998484
998485
998486
998487
998490
998491
998492
998493
998494
998495
998496
998497
998498
998499
00100
00114
00262
00343
00370
00395
00421
00423
00425
00440
00445
00447
00451
00458
00460
00476
00477
00480
00481
00483
00484
03014
03033
03037
03047
03048
03053
03054
03055
03060
03061
03062
03063
03067
03072
03074
03075
03076
03077
03078
03079
03080
03081
03082
03083
03084
03085
03086
03087
03088
03089
03090
03091
03092
03093
03094
03095
03096
03097
03098
03099
03102
03103
03104
03109
03122
03124
03125
03129
03133
03143
03147
03148
03154
03157
03164
03174
03724
03728
03733
03739
03755
03758
03759
03761
03809
03810
03811
03812
03813
03814
03815
03816
03817
03818
03820
03822
03838
03840
03841
03847
03849
03850
03853
03855
03856
03858
03860
03866
03867
03868
03870
03872
03874
03876
03877
03878
03881
03901
03904
03918
03919
03923
03927
03928
03929
03931
03934
03937
03938
03939
03940
03943
03944
03945
03947
03969
04125
04126
04127
04128
04130
04131
04133
04134
04136
04137
04138
04139
04140
04141
04143
04222
04223
04236
04237
04725
04726
04727
04728
04739
04741
04751
04769
04780
04782
04783
04854
04990
04994
12810
12815
12826
12832
12833
12834
12835
12836
12838
12839
12841
12842
12843
12844
12846
12847
12848
12849
12850
12851
12852
12853
12854
12855
12858
12863
12881
12884
12907
12910
12911
12917
12918
12922
12925
12926
12927
12928
12930
12931
12935
12946
12947
12956
12957
12958
12960
12987
12988
12989
12990
12991
13025
13301
13710
13711
13713
13721
13723
13724
13725
13726
13728
13729
13730
13731
13732
13733
13734
13735
13736
13737
13738
13739
13740
13741
13742
13743
13744
13745
13746
13747
13748
13749
13750
13751
13752
13753
13754
13755
13756
13758
13759
13760
13762
13763
13766
13769
13771
13773
13774
13775
13776
13781
13782
13786
13806
13812
13815
13822
13825
13829
13839
13853
13855
13864
13865
13866
13867
13868
13869
13870
13871
13873
13874
13876
13877
13878
13880
13881
13882
13883
13884
13885
13889
13891
13893
13894
13895
13896
13897
13899
13902
13904
13905
13907
13910
13917
13919
13920
13928
13930
13935
13941
13942
13944
13945
13956
13957
13958
13959
13963
13965
13966
13967
13970
13971
13972
13973
13976
13978
13979
13980
13981
13982
13983
13984
13985
13986
13987
13988
13989
13990
13991
13992
13993
13994
13995
13996
13997
13998
13999
14601
14605
14606
14607
14608
14610
14611
14622
14623
14657
14658
14697
14707
14708
14710
14732
14733
14734
14735
14736
14737
14738
14740
14741
14742
14743
14745
14746
14747
14748
14749
14750
14751
14752
14753
14754
14756
14757
14758
14760
14761
14762
14763
14764
14765
14768
14770
14771
14772
14774
14775
14776
14777
14778
14780
14781
14784
14786
14788
14789
14790
14792
14793
14797
14799
14804
14808
14810
14812
14813
14814
14815
14816
14817
14819
14820
14821
14822
14823
14825
14826
14827
14828
14829
14830
14831
14833
14834
14835
14836
14837
14838
14839
14840
14841
14842
14843
14844
14845
14848
14849
14850
14851
14852
14853
14855
14856
14857
14858
14859
14860
14891
14894
14895
14896
14897
14898
14904
14910
14913
14914
14916
14918
14919
14920
14921
14922
14923
14924
14925
14926
14927
14928
14929
14931
14933
14934
14935
14936
14937
14938
14939
14940
14941
14942
14943
14944
14945
14947
14948
14950
14991
14993
14994
14995
21503
21504
21514
21515
22001
22016
22501
22508
22514
22515
22517
22519
22525
22526
22536
22602
22703
23012
23017
23019
23036
23042
23043
23044
23048
23050
23051
23052
23053
23055
23056
23057
23058
23059
23060
23061
23062
23063
23065
23066
23067
23068
23070
23072
23090
23109
23110
23118
23122
23131
23136
23141
23152
23153
23154
23155
23156
23157
23158
23159
23160
23161
23162
23167
23169
23170
23172
23173
23174
23176
23177
23178
23179
23180
23181
23182
23183
23184
23185
23187
23188
23190
23191
23192
23193
23194
23195
23196
23199
23202
23225
23226
23230
23232
23233
23234
23236
23237
23238
23239
23242
23244
23245
23246
23250
23254
23271
23272
23273
23275
23293
23801
23802
23803
23904
23906
23907
23908
23909
24011
24012
24013
24014
24015
24016
24017
24018
24019
24020
24021
24022
24023
24024
24025
24026
24027
24028
24029
24030
24031
24033
24034
24035
24036
24037
24040
24057
24088
24089
24090
24091
24101
24118
24119
24120
24121
24122
24125
24126
24128
24129
24130
24131
24132
24133
24134
24135
24137
24138
24139
24140
24141
24142
24143
24144
24145
24146
24147
24148
24149
24150
24151
24152
24153
24154
24155
24156
24157
24158
24159
24160
24161
24162
24163
24172
24193
24207
24212
24215
24216
24219
24220
24221
24223
24224
24225
24226
24227
24228
24229
24230
24231
24232
24233
24234
24235
24236
24237
24238
24240
24241
24243
24244
24246
24248
24249
24250
24251
24252
24253
24254
24255
24259
24278
24283
24284
24285
24286
25309
25310
25315
25316
25317
25322
25323
25325
25329
25333
25339
25379
25380
25381
25403
25506
25507
25515
25522
25624
25630
25701
25709
25711
26401
26403
26413
26414
26416
26417
26418
26422
26435
26436
26437
26439
26442
26445
26451
26452
26455
26457
26458
26494
26510
26512
26513
26514
26516
26517
26519
26523
26526
26528
26529
26533
26539
26540
26547
26562
26563
26564
26565
26616
26617
26618
26619
26627
26637
26638
26655
26703
27301
27403
27404
27405
27503
27506
27507
27508
27510
27511
27512
27516
27601
42215
45708
45709
45714
45715
53002
53003
53004
53005
53006
53007
53008
53009
53010
53011
53012
53013
53014
53015
53016
53017
53129
53131
53132
53136
53138
53139
53149
53150
53151
53152
53154
53155
53156
53159
53160
53162
53163
53164
53165
53166
53167
53168
53169
53170
53171
53172
53173
53176
53843
53848
53854
53867
53877
53878
53881
53882
53894
53921
53926
53927
53960
53961
53968
53974
54794
54795
54796
54797
54808
54810
54811
54851
54854
54902
54903
54932
54933
54937
56401
63820
63826
63828
63829
63831
63838
63839
63849
63850
63855
63856
63857
63858
63862
63866
63867
63868
63869
63871
63890
63891
63892
63893
63894
63895
63896
63897
63898
63899
64756
64758
73801
73802
73803
73805
91002
92811
92821
92826
92827
93026
93032
93035
93037
93041
93042
93044
93045
93057
93063
93092
93101
93102
93104
93105
93106
93107
93108
93111
93113
93114
93115
93116
93118
93120
93121
93123
93124
93129
93132
93134
93136
93139
93184
93193
93198
93209
93211
93215
93216
93217
93243
93245
93718
93719
93720
93721
93726
93727
93729
93730
93731
93732
93734
93735
93736
93737
93738
93739
93743
93776
93801
93803
93804
93805
93806
93807
93808
93810
93814
93815
93816
93817
93818
93819
93820
93821
93822
93823
93824
93825
93826
93828
93829
93830
93831
93832
93833
93834
93836
93837
93839
93840
93841
93842
93843
93844
93845
93846
93901
93902
93903
93904
93905
93906
93907
93908
93909
93910
93915
93919
93947
93983
93986
93987
93988
93989
93990
93991
93992
93993
93995
93996
93997
93999
94008
94010
94012
94014
94041
94059
94060
94074
94075
94077
94078
94079
94080
94081
94082
94084
94085
94088
94092
94094
94107
94143
94144
94176
94196
94224
94225
94236
94240
94274
94290
94297
94605
94644
94645
94700
94702
94704
94705
94725
94728
94732
94735
94741
94745
94746
94765
94772
94789
94790
94794
94814
94822
94824
94830
94846
94847
94849
94860
94866
94868
94869
94908
94910
94925
94931
94995
94996
96404
96406
