488020
488030
488060
488080
488100
488190
488193
488200
488230
488250
488260
488300
488310
488380
488390
488400
488430
488450
488460
488480
488490
488500
488505
488510
488515
488520
488525
488526
488550
488556
488561
488580
488600
488630
488635
488640
488660
488665
488671
488675
488676
488685
488695
488700
488730
488750
488770
488810
488811
488815
488830
488840
488870
488880
488885
488890
488896
488910
488915
488920
488925
488926
488935
488940
488960
488962
488966
488970
489000
489003
489005
489006
489015
489020
489030
489040
489041
489070
489100
489105
489110
489111
489125
489130
489140
489160
489170
489180
489190
489200
749309
749310
749311
749312
749313
749314
41003
41013
41024
41056
41068
